Epoch:	1	2	3	4	5	6	7	8	9	10	11	12	13	14	15	16	17	18	19	20	21	22	23	24	25	26	27	28	29	30	31	32	33	34	35	36	37	38	39	40	41	42	43	44	45	46	47	48	49	50
TrainTime:	1.419966	2.240084	3.020436	3.776711	4.603062	5.693095	6.67175	7.422577	8.06914	8.807668	9.472815	10.38265	11.59537	12.89483	13.90044	14.80738	15.54622	16.30535	17.0362	17.9577	18.80205	19.49702	20.2605	21.27617	22.09011	22.9182	23.71272	24.52859	25.45444	26.34508	27.15215	27.9689	29.11437	30.20139	31.2922	32.49219	33.32718	34.18167	34.95713	36.0308	36.8904	37.95779	38.9785	39.80381	40.82701	41.5053	42.28655	43.01662	43.79763	44.49239
Test:	0.05676365	0.05548801	0.05478727	0.05482352	0.05430311	0.05412415	0.05402294	0.05387086	0.05351448	0.05328498	0.05333364	0.05367609	0.05299247	0.05309811	0.05319585	0.05272655	0.05299252	0.05251916	0.05266711	0.05245515	0.05237586	0.05233521	0.05271541	0.05223532	0.0522394	0.05226504	0.05224701	0.05222724	0.05220767	0.05220112	0.05219202	0.05215866	0.05214476	0.05213121	0.05211508	0.0520979	0.05207733	0.05206259	0.05205045	0.052041	0.05202644	0.052005	0.05199301	0.0519736	0.05195639	0.05194931	0.05194133	0.05193845	0.05191963	0.05191886
TrainError:	0	0	0	0	0	0	0	0	0	0	0	0	0	0	0	0	0	0	0	0	0	0	0	0	0	0	0	0	0	0	0	0	0	0	0	0	0	0	0	0	0	0	0	0	0	0	0	0	0	0
TrainLoss:	0.06847282	0.06133886	0.05873421	0.05734768	0.05646323	0.05581895	0.05532839	0.05493424	0.05460091	0.05432802	0.0540858	0.05388267	0.05369582	0.05352642	0.05337298	0.05323293	0.0531012	0.05297787	0.05286191	0.05275364	0.05265494	0.05255638	0.05247083	0.0523866	0.05230993	0.05223604	0.05216458	0.05209618	0.05203034	0.05196794	0.0519091	0.05184982	0.05179488	0.05174039	0.05168694	0.05163538	0.0515852	0.05153826	0.05148953	0.05144366	0.05139863	0.0513547	0.05131215	0.0512704	0.05122989	0.05119094	0.05115297	0.0511164	0.05108173	0.05104909
