Zbar1,Zbar2,Zbar3,ZbarX12,ZbarX22,ZbarX32,X1,y,y_pred
0.4001,0.0,0.5999000000000002,-0.2861435372342232,-0.0,-0.4290365108393166,-1.3072358555884305,-2.477805322733364,-2.2212822709011424
0.5114999999999995,0.0,0.4885000000000006,-0.03494713169461928,-0.0,-0.03337570641802845,-1.3072358555884305,-2.291565572172153,-2.115256752436388
0.3592999999999996,0.007500000000000007,0.6331999999999991,-0.37103230780138735,-0.0077448992722249105,-0.6538760292230403,-1.189337536299537,-1.9753917075450664,-2.031681538305582
0.4598999999999996,0.0001,0.5400000000000003,0.1873319258691368,4.0733186751280053e-5,0.2199592084569124,-1.3072358555884305,-2.4241734700877666,-2.1710027966091676
0.5900000000000007,0.0002,0.4097999999999995,1.4724337062974107,0.000499130069931325,1.0227175132892836,-1.3072358555884305,-1.9299121318470327,-2.0674938576754682
0.5810000000000011,0.0,0.41899999999999954,-1.1542526482238329,-0.0,-0.8324128392526412,-1.3072358555884305,-2.1610713267057955,-2.0237964744816446
0.8528999999999989,0.0001,0.14700000000000008,0.6570551699985421,7.703777347854883e-5,0.11324552701346684,-1.3072358555884305,-1.7651849927475334,-1.7900324717756626
0.5912000000000007,0.0,0.40879999999999955,0.4207818614064642,0.0,0.2909601233811944,-1.3072358555884305,-2.3433589271160384,-2.045089341784638
0.6709000000000007,0.0001,0.3290000000000003,-0.05365624390092058,-7.997651498124985e-6,-0.02631227342883122,-1.3072358555884305,-1.8070865900375643,-1.9564313125363268
0.6114999999999995,0.018599999999999995,0.3698999999999996,1.1187753329062453,0.03402979753402482,0.676753876765364,-1.3072358555884305,-1.9024772851214409,-2.0575341770482503
0.5210999999999996,0.0,0.4789000000000009,-0.6370194966180077,-0.0,-0.5854320417009493,-1.3072358555884305,-1.8267166814878446,-2.093832640951056
0.42129999999999995,0.008500000000000004,0.5702000000000002,0.24028316355580118,0.0048478682416907455,0.3252064084014191,-1.3072358555884305,-2.0376281794906954,-2.2187779975053066
0.5007000000000003,0.0,0.49930000000000035,0.08751884220672888,0.0,0.08727413204277959,-1.3072358555884305,-2.150330504040216,-2.1284039306640055
0.49080000000000046,0.0088,0.5004000000000003,-0.2159021719858752,-0.003871106588173798,-0.22012519735479197,-1.189337536299537,-1.5745395625094518,-1.9049217812285146
0.5393000000000003,0.0001,0.4605999999999995,-0.17664872385349542,-3.275518706721589e-5,-0.15087039163159624,-1.3072358555884305,-2.2307140434542347,-2.084899444273499
0.5519999999999998,0.009099999999999999,0.43890000000000046,0.678189914293363,0.011180304746502907,0.5392346981582562,-1.3072358555884305,-2.0450672935426897,-2.098235461051729
0.5833000000000012,0.008400000000000003,0.40829999999999955,-0.5069909974397389,-0.007301087568136122,-0.3548850064369017,-1.3072358555884305,-2.292343635933652,-2.0428377594236675
0.7516999999999996,0.009199999999999998,0.23910000000000045,0.17269981994529968,0.002113660161629317,0.05493218963538812,-1.3072358555884305,-2.360143665188965,-1.88979540583414
0.5221999999999999,0.017499999999999995,0.4602999999999996,0.05192525712036454,0.0017401225576529672,0.04577019504500916,-1.189337536299537,-1.6385398821381734,-1.8876590710208219
0.6217999999999992,0.0001,0.3781000000000004,-0.45673836579027366,-7.345422415411293e-5,-0.2777304215267013,-1.3072358555884305,-1.9235217240281668,-1.997176352207334
0.37950000000000045,0.018599999999999995,0.6019000000000001,-0.6422488011189171,-0.031477806853259134,-1.0186285991922948,-1.189337536299537,-1.774763756384008,-2.0175362933023058
0.5800000000000014,0.0002,0.4197999999999995,0.6324290565485512,0.0002180789850167413,0.4577477895501394,-1.3072358555884305,-2.026899391112487,-2.060634359210259
0.6966000000000004,0.008400000000000003,0.2950000000000004,-0.7626959595563149,-0.009197022768120934,-0.32299068054710456,-1.3072358555884305,-2.036388099244135,-1.9248109242313314
0.5915000000000007,0.0002,0.4082999999999996,-0.6082475855757938,-0.00020566275082867054,-0.4198605058167305,-1.3072358555884305,-1.9623436461584607,-2.0244261407811157
0.7517999999999991,0.0001,0.2481000000000002,0.2459067907704041,3.270907033391918e-5,0.08115120349845355,-1.3072358555884305,-1.6803753439953555,-1.8820742864531068
0.2894000000000004,0.008700000000000003,0.7019000000000004,-0.24283438607772345,-0.007300135310560442,-0.5889614913198133,-1.3072358555884305,-1.9985540426754942,-2.341188739998542
0.5822000000000013,0.009,0.40879999999999944,0.8610566047753082,0.013310734185808581,0.6046031261287268,-1.3072358555884305,-1.7578994796732945,-2.071821135750547
0.5820000000000011,0.028600000000000056,0.38940000000000025,-0.6793453473172655,-0.033383637342394835,-0.4545310622772214,-1.3072358555884305,-2.02339487005145,-2.0609456093574465
0.31849999999999995,0.019499999999999993,0.6620000000000005,-0.16142705764181345,-0.009883289243376331,-0.33552499892898147,-1.3072358555884305,-2.245359998860221,-2.3244725502347174
0.44050000000000034,0.016800000000000002,0.5427000000000003,0.18940047707722962,0.0072234461178148825,0.23334310762727012,-1.189337536299537,-2.2021108705066004,-1.970843049324559
0.5647000000000001,0.036800000000000034,0.3985000000000002,0.23768263516524055,0.015489146403543224,0.16772893591880358,-1.3072358555884305,-1.7697128052967923,-2.1046202443961324
0.4393000000000004,0.02840000000000006,0.5323000000000004,0.12173908048928407,0.007870225098783682,0.14751129648177988,-0.9535408977217499,-1.4863175919113338,-1.5099513285392412
0.571,0.0,0.42900000000000055,-0.31876040261173894,-0.0,-0.23948898900251522,-1.3072358555884305,-2.1044301424277347,-2.0504213599294303
0.7131999999999995,0.008400000000000003,0.2784,-0.012935448546800782,-0.00015235245063534308,-0.005049395506771369,-1.3072358555884305,-2.2608286257117824,-1.9234992969874356
0.631099999999999,0.01929999999999999,0.3496000000000002,1.1153685490867131,0.03410967041257105,0.6178622163852254,-1.189337536299537,-1.649956159910614,-1.8025404506773448
0.27920000000000006,0.027800000000000036,0.6930000000000007,-0.2695055715744488,-0.026834723817226666,-0.6689375397603624,-1.0714392170106435,-1.9149067428953237,-1.8976415013084307
0.6623000000000007,0.028200000000000048,0.3094999999999997,0.4953092455081982,0.021089718742761887,0.23146340251364494,-1.3072358555884305,-1.8859717515308765,-2.004208177289382
0.33060000000000045,0.008400000000000005,0.6610000000000009,0.4210613380716531,0.010698473199642719,0.8418679505909338,-1.3072358555884305,-2.397113895985572,-2.312035723747916
0.2599999999999998,0.008200000000000006,0.7317999999999987,0.25293140936400116,0.007977067526095434,0.7119046360483686,-1.189337536299537,-2.1732602829378473,-2.1425112905953436
0.33930000000000066,0.0001,0.6606000000000007,-0.1776022098894178,-5.2343710548015754e-5,-0.34578255188019247,-1.3072358555884305,-2.6018828531626954,-2.2840099985395406
0.6524999999999997,0.03780000000000002,0.3096999999999998,0.2850873726725289,0.016515406416891348,0.13531273458495355,-1.0714392170106435,-1.5413562515005825,-1.5469248321357905
0.6624000000000008,0.009000000000000001,0.3286000000000004,-0.07408201345955522,-0.0010065490959178687,-0.03675022587984578,-1.189337536299537,-1.5408505192459927,-1.7371914253323415
0.45180000000000015,0.017599999999999998,0.5306000000000007,0.09044000077265704,0.003523116453295182,0.10621395398400149,-1.189337536299537,-2.1536075941335993,-1.9585023121734135
0.5524000000000002,0.018299999999999993,0.4293000000000007,-1.1013810391293317,-0.03648673608991085,-0.8559429400764349,-1.3072358555884305,-2.1070183206568114,-2.071762227815601
0.6931000000000007,0.018899999999999993,0.28800000000000026,0.18729180608238594,0.005107221374920054,0.07782432571306759,-1.189337536299537,-1.9194363070828795,-1.7218655169935881
0.6423999999999996,0.008800000000000002,0.34880000000000017,0.2565404030579398,0.0035142520966841098,0.13929217401402474,-1.3072358555884305,-1.910954926503905,-1.999740145917054
0.46129999999999954,0.008600000000000002,0.5301000000000009,-0.23984761888202197,-0.004471470891795775,-0.27561938601638886,-1.3072358555884305,-1.889582389419356,-2.1698260146985326
0.4415000000000004,0.0093,0.5492,0.9745334042917789,0.020528110214979696,1.2122621645233171,-1.3072358555884305,-2.3740531245157253,-2.2137012822176207
0.6115999999999996,0.009199999999999998,0.37920000000000065,0.47447023989080367,0.00713722401405395,0.2941777550140503,-1.3072358555884305,-2.348718906473123,-2.0351166216365364
0.5724000000000002,0.04920000000000003,0.37840000000000024,-1.133266446570414,-0.09740864635091612,-0.7491754426663955,-1.189337536299537,-1.8779598106528277,-1.8459498493892776
0.6032000000000002,0.009099999999999999,0.3877000000000002,0.6068677899392898,0.009155333037877213,0.3900574306357141,-1.3072358555884305,-2.165352744202627,-2.0460079499599217
0.6212999999999991,0.018499999999999992,0.36019999999999963,0.9294913574254793,0.027676790781219034,0.5388745967240589,-1.3072358555884305,-2.34907056205867,-2.0439239267084592
0.4919000000000005,0.02930000000000007,0.4788000000000006,-1.0595015322850112,-0.0631091581539965,-1.0312854922912453,-1.189337536299537,-2.015987396462916,-1.9078702607145381
0.6042000000000001,0.018,0.37780000000000047,0.4841015430907175,0.014422091651163378,0.30270367921164065,-1.189337536299537,-1.6930832803668798,-1.8152708427244924
0.4414000000000003,0.048800000000000024,0.5097999999999996,0.011858200262277232,0.001311010812866173,0.013695764598343733,-1.189337536299537,-1.8010634418672107,-1.9985785189941176
0.48160000000000075,0.01889999999999999,0.4995000000000002,0.039001800353066385,0.0015305939092046367,0.04045141045755116,-1.3072358555884305,-2.1667471745237443,-2.1653763121274494
0.4307000000000005,0.03780000000000001,0.5315000000000005,-0.22210368510999515,-0.019492731128762035,-0.27408430145336055,-1.0714392170106435,-1.7594616380057768,-1.7575068540673295
0.8329999999999984,0.02810000000000006,0.1389,-0.47521237405779976,-0.016030573482622122,-0.07924009454577252,-1.189337536299537,-1.341653417957823,-1.5783986369308503
0.4508000000000002,0.019099999999999992,0.5301000000000008,-0.09809225211832964,-0.004156082554259305,-0.11534761057658963,-1.189337536299537,-2.092316986887282,-1.957349755475515
0.5304000000000009,0.0001,0.46949999999999964,-0.09978865916954234,-1.881384976801323e-5,-0.08833102466082204,-1.3072358555884305,-1.6799079607013272,-2.09527602820365
0.36079999999999973,0.01909999999999999,0.6200999999999993,-0.6928971525997211,-0.03668053108274577,-1.1908689698644315,-1.3072358555884305,-2.090724228811396,-2.2719878619952016
0.42089999999999966,0.018199999999999997,0.5609000000000001,-0.5315354993444965,-0.02298395364236123,-0.7083351427472757,-1.3072358555884305,-2.185151629933663,-2.21409031368546
0.21830000000000005,0.028200000000000048,0.7534999999999997,0.06598740346324786,0.00852425459305356,0.22776687361226397,-1.189337536299537,-1.9461134158938256,-2.20068898138866
0.38970000000000016,0.0001,0.6101999999999995,-0.29069096498811003,-7.45935245029792e-5,-0.45516968651717865,-1.3072358555884305,-1.9347502214285766,-2.2316612117955916
0.7324999999999986,0.027800000000000036,0.23970000000000033,-0.5373261824266995,-0.02039272064363453,-0.17583219921867616,-1.0714392170106435,-1.6573994567801842,-1.4406779426892573
0.4609999999999996,0.0092,0.5298000000000008,0.112223865426919,0.0022396085942031577,0.12897224274009075,-1.3072358555884305,-2.0571575387073024,-2.1775650071749735
0.4309000000000007,0.019099999999999995,0.5499999999999999,0.009480565219153475,0.0004202339189738478,0.01210097672437782,-1.3072358555884305,-2.4525126716301875,-2.2154206443808486
0.4404000000000004,0.038400000000000004,0.5211999999999999,0.2092524688852417,0.01824544687827719,0.24764393002494972,-1.0714392170106435,-1.4825237363745047,-1.756759277021577
0.4105999999999996,0.03899999999999999,0.5503999999999999,0.027460901746944145,0.0026083175064072635,0.03681071680837328,-1.3072358555884305,-2.2366939275665834,-2.2558867421736677
0.34890000000000027,0.009,0.6420999999999996,0.11375107561349698,0.002934249585902757,0.20934240656757325,-1.3072358555884305,-2.2573063717831654,-2.2887903715838336
0.4816000000000007,0.028100000000000045,0.4903000000000005,-0.2440900079471509,-0.014241962672996142,-0.24849944123024928,-1.3072358555884305,-1.8164622613911445,-2.1690697212059225
0.6995000000000003,0.04870000000000002,0.2518000000000001,-0.14980192451241736,-0.01042938345068581,-0.05392440971011677,-1.3072358555884305,-2.2756372054586502,-1.9747268458928287
0.15630000000000002,0.0387,0.8050000000000002,0.09163930507288819,0.022689962292519336,0.4719746678418106,-1.0714392170106435,-1.9602863259462495,-2.0368985181433343
0.09840000000000003,0.01949999999999999,0.8821000000000008,-0.11409028206148189,-0.022609354676818037,-1.0227544492523701,-1.3072358555884305,-2.9534209771821134,-2.545163112776093
0.5018000000000001,0.0384,0.4597999999999996,-0.30192492062707116,-0.023104657138460598,-0.27665420188187956,-1.3072358555884305,-2.1111333545894926,-2.158144684266697
0.4297000000000007,0.017099999999999997,0.5532000000000001,0.1868532903066668,0.0074358651716174,0.24055676099057,-1.189337536299537,-1.920572831309047,-1.9818229965676868
0.4699999999999996,0.04840000000000002,0.48160000000000075,-0.7553066349672595,-0.07778051304769236,-0.7739482455324107,-1.0714392170106435,-2.181734733634361,-1.718637075502907
0.4324000000000006,0.027300000000000036,0.5403000000000001,-0.22532781327589918,-0.0142262934838854,-0.28155554466458876,-1.3072358555884305,-2.1426305428786265,-2.217627078786462
0.4817000000000009,0.06850000000000002,0.4498000000000002,-0.24658234349442992,-0.035065166139440364,-0.23025272597839821,-0.9535408977217499,-1.2494123233306047,-1.5008102532230083
0.5541999999999998,0.037100000000000015,0.4086999999999995,0.07320077265937072,0.004900304340784294,0.0539825979535994,-1.3072358555884305,-2.1655738607398898,-2.1120948271355227
0.5411000000000002,0.01869999999999999,0.44020000000000026,-0.1383031444056523,-0.004779650342608937,-0.1125134802575645,-1.189337536299537,-1.7573344107022757,-1.8663049395779097
0.2592999999999998,0.03939999999999999,0.7013000000000004,0.13406939337252674,0.0203715160002991,0.3626026439342581,-1.3072358555884305,-2.6172825475846087,-2.4085710657019765
0.48090000000000077,0.028100000000000052,0.4910000000000005,0.5952262629856677,0.03478032437075747,0.607727376015726,-1.3072358555884305,-1.897731448198967,-2.186137338858328
0.5623,0.05700000000000009,0.3807000000000004,0.03193369936082855,0.003237099170491251,0.021620414986070504,-1.189337536299537,-2.0322122667412095,-1.8869586217239225
0.5601999999999999,0.01859999999999999,0.4211999999999996,-0.10805437443043182,-0.0035876675551696382,-0.0812433104428737,-1.0714392170106435,-1.8466456954531025,-1.6116010253599071
0.5533999999999998,0.03809999999999999,0.4084999999999996,0.1297906668422693,0.00893571450431959,0.09580680774316404,-1.189337536299537,-1.415050003084582,-1.8788143431579203
0.4908000000000005,0.008800000000000002,0.5004000000000002,-0.4975681186977381,-0.00892135176149163,-0.5073005024375469,-1.189337536299537,-1.8625182866500567,-1.8994075606397578
0.25000000000000017,0.0379,0.7120999999999996,0.1849815069400522,0.0280431964521119,0.526901324368044,-1.189337536299537,-1.9696735384291535,-2.180974940586992
0.723099999999999,0.03820000000000001,0.2387000000000004,-1.4334666020154487,-0.07572731876226003,-0.4731966227369502,-1.189337536299537,-1.5385247157811095,-1.6784622361472994
0.5325000000000006,0.058800000000000116,0.4086999999999996,-0.36359741820867764,-0.04014934871487373,-0.2790652860504906,-0.9535408977217499,-1.5442774493784082,-1.438204136963967
0.4207999999999998,0.02740000000000004,0.5518000000000002,-0.1371043453580011,-0.008927421727208264,-0.17978654412677061,-1.0714392170106435,-1.9997316763247603,-1.7585736130909784
0.5315000000000009,0.06890000000000002,0.3996000000000002,0.026773319941631225,0.003470708831567994,0.020129103760443696,-1.3072358555884305,-2.277064213891113,-2.1656043482044063
0.3566999999999999,0.0,0.6432999999999999,0.2959279558341407,0.0,0.533699057998606,-1.3072358555884305,-2.3334966431381976,-2.2754353622105237
0.7861000000000007,0.04780000000000002,0.16610000000000005,1.2635936499717477,0.07683472391381442,0.26699262849549316,-1.3072358555884305,-1.842555098358224,-1.9165444151631537
0.5712,0.01979999999999999,0.4089999999999996,-0.09785211974971035,-0.0033919327224164286,-0.0700656809832484,-1.3072358555884305,-2.2479868454145664,-2.0744594736249513
0.4512000000000001,0.008100000000000007,0.5407000000000003,0.08378206335709573,0.0015040662969691397,0.10040106750261897,-1.189337536299537,-2.0051966130477044,-1.9494538920831512
0.5611,0.05870000000000012,0.38020000000000037,-0.33495618150154977,-0.03504175343814117,-0.22696549671518326,-0.8356425784328563,-0.7899595141575415,-1.1739880199561208
0.580300000000001,0.0091,0.4105999999999995,0.6125186821292745,0.009605238682364963,0.43339681351418124,-1.189337536299537,-2.084129920433514,-1.832651057549751
0.2781000000000001,0.029400000000000058,0.6925000000000008,-0.0696590554428967,-0.007364171988569458,-0.17345881299606616,-1.189337536299537,-2.083001036746898,-2.140087294500784
0.4916000000000004,0.04880000000000002,0.4595999999999997,-0.5144710219189913,-0.051070353681136625,-0.4809822654067698,-1.189337536299537,-1.9729609315665706,-1.9383758838527487
0.3796000000000003,0.05940000000000014,0.5609999999999997,-0.42010544947620526,-0.06573831322151377,-0.6208618470920728,-1.189337536299537,-1.6026671931063092,-2.0625293668083207
0.39940000000000014,0.04870000000000003,0.5519000000000001,0.29811675153532124,0.03635023985921419,0.41194450468789123,-1.189337536299537,-2.321099261478436,-2.0456786661797013
0.3701999999999998,0.02900000000000006,0.6008000000000003,0.14649257445729935,0.011475647377800357,0.23774375670973946,-1.0714392170106435,-1.9397693203915092,-1.8158779986280873
0.5418000000000003,0.038799999999999994,0.41939999999999955,0.6637490153160253,0.0475331520750494,0.5137990716565902,-1.189337536299537,-1.9639394253950777,-1.9015997157149853
0.5536999999999996,0.03790000000000001,0.40839999999999965,-0.18679408849890822,-0.012785797280311772,-0.13777624298890032,-1.3072358555884305,-2.1455109228311713,-2.108242302823052
0.3496000000000002,0.018599999999999995,0.6317999999999988,-0.2465067548561225,-0.013115061900239916,-0.4454890380952455,-1.189337536299537,-2.1252444175214653,-2.054806213518041
0.2749,0.0001,0.7249999999999989,-0.07766694374847198,-2.825279874444234e-5,-0.20483279089720663,-1.3072358555884305,-2.6125010550743077,-2.34997279652067
0.40120000000000006,0.019499999999999993,0.5793000000000008,-0.07810983172712023,-0.0037964649019911357,-0.1127842111653061,-1.3072358555884305,-2.3283836430259113,-2.2436896788362426
0.5021000000000002,0.04880000000000004,0.44910000000000033,1.2665971003410514,0.12310284504410143,1.13289933830545,-1.3072358555884305,-2.1546155244950036,-2.198982986259085
0.5422000000000002,0.019499999999999986,0.4383000000000004,-0.3891199472144693,-0.01399453886145729,-0.3145541734859867,-1.3072358555884305,-2.2258785673293593,-2.0972475028348185
0.43080000000000074,0.018899999999999993,0.5503000000000001,0.42618066402188653,0.018697341109595263,0.544399302254512,-1.3072358555884305,-2.3953590854533027,-2.223335487411736
0.4595999999999996,0.028200000000000055,0.5121999999999997,-0.461810472012336,-0.028335629483785707,-0.5146634546664894,-1.0714392170106435,-1.4719013832897876,-1.7144584193477648
0.3180999999999998,0.008200000000000004,0.6737000000000005,-0.33276061236427723,-0.008577922104329066,-0.7047495270349382,-1.189337536299537,-2.2282293582375656,-2.074212562877239
0.3386000000000006,0.018799999999999994,0.6425999999999998,-0.24007270259230332,-0.01332949441445745,-0.4556134633367212,-1.189337536299537,-2.2365087351721282,-2.066092113226251
0.5309000000000006,0.05930000000000012,0.40979999999999955,0.5101546195291718,0.056982800787492786,0.3937867076343081,-1.0714392170106435,-1.8528356201914815,-1.6937079267233652
0.7437999999999994,0.028500000000000057,0.22769999999999985,0.3526009514987411,0.013510523148311575,0.10794196915335219,-1.3072358555884305,-1.929958598015495,-1.9206439105332742
0.5106999999999996,0.04820000000000003,0.4411000000000005,-0.8818424898342307,-0.08322852557276283,-0.7616618802934794,-1.0714392170106435,-1.682031985487593,-1.6753255496882078
0.5008000000000002,0.038200000000000005,0.4609999999999996,0.4287666828642398,0.03270544585745598,0.3946913754001882,-1.0714392170106435,-1.6207915570551155,-1.7008560717579022
0.7132999999999995,0.028400000000000043,0.25829999999999986,-0.4819317747881405,-0.019188086925533747,-0.17451700186145622,-1.0714392170106435,-1.6845116301334269,-1.461521404881067
0.8236999999999985,0.0383,0.138,-0.2922587299985679,-0.013589303580120395,-0.048964070340903776,-1.3072358555884305,-1.9516518595552084,-1.8378270293567236
0.5016000000000002,0.02940000000000007,0.4689999999999995,0.3415210996090789,0.02001738502493409,0.3193249515882332,-1.3072358555884305,-2.0964452625454433,-2.1619379197723827
0.5518,0.03880000000000001,0.4093999999999996,-0.576843207607684,-0.04056092144831125,-0.4279804443540878,-0.9535408977217499,-1.439923663993338,-1.3947145915904018
0.23019999999999985,0.018999999999999993,0.7507999999999988,0.1357100466637838,0.011201089863648536,0.44261990892775316,-1.3072358555884305,-2.7450202112833075,-2.4170339234760507
0.6629000000000007,0.02870000000000006,0.3083999999999998,0.7669301590139472,0.033203945638407464,0.3567977991249071,-1.189337536299537,-2.0301191284339444,-1.7733923331393393
0.4805000000000009,0.04870000000000003,0.4707999999999999,0.7137340274821281,0.07233891183845909,0.6993256610584498,-0.8356425784328563,-1.0455255295284247,-1.2646688666259691
0.5208999999999998,0.01939999999999999,0.45969999999999955,-1.1735314673355473,-0.0437061057137831,-1.0356544740528908,-1.3072358555884305,-2.1652402903029073,-2.102911571089917
0.3400000000000006,0.028100000000000045,0.6318999999999994,-0.6905674283337163,-0.05707336687111007,-1.283439876364924,-1.189337536299537,-2.1917859490370515,-2.0656817891027446
0.5508000000000002,0.08889999999999992,0.3602999999999998,0.6635254695867104,0.1070940708900844,0.43403817482224316,-0.8356425784328563,-1.3927229473836973,-1.234225125752737
0.3705999999999997,0.038500000000000006,0.5909000000000006,-0.06510441946636296,-0.00676341108865347,-0.10380518473468414,-1.3072358555884305,-2.3566554504919623,-2.293421554987727
0.6447999999999995,0.028300000000000054,0.3269000000000004,-0.533077879785671,-0.023396563272230973,-0.27025924147322616,-1.189337536299537,-1.722870563731373,-1.7647999580227416
0.5129999999999997,0.048200000000000014,0.43880000000000036,0.3933014925503485,0.03695347356905812,0.33641461000213096,-0.9535408977217499,-1.1772735378981702,-1.4618644674453485
0.4713,0.01929999999999999,0.5093999999999996,-0.3360521051503068,-0.013761522659454527,-0.36321863433814167,-1.189337536299537,-1.7056070405205281,-1.9325189386241433
0.45160000000000017,0.03730000000000001,0.5110999999999996,-0.883546464228696,-0.07297671194803002,-0.9999570369071877,-1.189337536299537,-2.0132521918364787,-1.9596015201246721
0.5128999999999996,0.0382,0.44890000000000024,0.09739520322407458,0.007253844342288266,0.08524216558254462,-1.3072358555884305,-2.4924378095085484,-2.154733819302344
0.3500000000000002,0.04750000000000002,0.6025000000000001,0.5464738190369502,0.07416430401215753,0.9407156456278927,-1.0714392170106435,-1.7870850462719388,-1.8618957738488582
0.5906000000000007,0.0093,0.4001000000000001,0.7661246764522434,0.012063934119549364,0.519008606584054,-1.189337536299537,-1.8079438700906918,-1.8256967758007088
0.3292000000000004,0.03919999999999999,0.6315999999999992,0.09379933264281999,0.011169300849327274,0.17996251062334434,-1.3072358555884305,-2.362504939305273,-2.3382414831844103
0.38970000000000016,0.04700000000000001,0.5633000000000001,-0.30267955822554937,-0.03650484792558588,-0.43751448588260694,-0.9535408977217499,-1.5064290308386865,-1.5698435016231749
0.38090000000000057,0.0883999999999999,0.5307000000000005,0.4980278832240064,0.11558326300079298,0.6938918288972961,-0.8356425784328563,-1.232081428663022,-1.3989443902957377
0.45110000000000017,0.11890000000000027,0.43000000000000077,-0.24888479420834253,-0.06560053653596094,-0.23724331968429938,-0.7177442591439628,-1.1589614321648882,-1.109349435583391
0.6227999999999994,0.06830000000000003,0.30889999999999973,0.4687382247071398,0.05140465759071563,0.23248753630705765,-0.9535408977217499,-1.093284499060829,-1.374461749697153
0.3206999999999999,0.08849999999999991,0.5908000000000008,-0.17155022097035422,-0.047340799987141684,-0.31603327268252396,-0.9535408977217499,-1.7451247842065578,-1.6826448664766485
0.13799999999999998,0.08779999999999992,0.7742000000000009,-0.17695404610183077,-0.11258380614304875,-0.9927378441451996,-0.7177442591439628,-1.3936906157464641,-1.3920252152114299
0.686000000000001,0.06720000000000002,0.24680000000000013,-0.606881565066235,-0.05944962270036581,-0.21833581670312924,-1.189337536299537,-2.110533103431361,-1.761264866394006
0.4405000000000004,0.0887999999999999,0.47069999999999956,-0.3675644843542634,-0.07409699480285704,-0.39276413799217136,-0.8356425784328563,-1.2920577315257233,-1.3236636077108315
0.5323000000000006,0.04770000000000001,0.41999999999999954,0.17332130404998122,0.01553151644408059,0.1367554907025962,-1.189337536299537,-2.3098749087181694,-1.9102621744821364
0.4701999999999997,0.05850000000000012,0.47129999999999983,0.03467960666189028,0.004314668204424898,0.034760737175135885,-1.0714392170106435,-1.3738943302661633,-1.7438993673017245
0.3905000000000001,0.07849999999999994,0.5310000000000007,0.10211953054512746,0.020528509981542886,0.13886164076687,-0.9535408977217499,-1.3359513144817154,-1.6082544158178727
0.2082999999999999,0.06850000000000002,0.723199999999999,-0.13510796001766476,-0.044430606150792334,-0.46908342143434983,-0.9535408977217499,-1.923605020832665,-1.775322266258443
0.622499999999999,0.02880000000000005,0.34870000000000023,0.6137894424153891,0.02839700552861569,0.3438206884662597,-1.189337536299537,-1.674453498641898,-1.8105131623927697
0.5121999999999995,0.038900000000000004,0.44890000000000024,-0.9329242592349668,-0.07085270145302663,-0.8176292463306856,-1.3072358555884305,-2.2360592890589754,-2.135895634879048
0.45030000000000014,0.06910000000000001,0.48060000000000064,-0.032354977110931014,-0.004964976500922346,-0.034532094158368776,-0.9535408977217499,-1.7340439050542389,-1.5368137631291756
0.5926000000000006,0.06790000000000002,0.33950000000000075,0.32617808184882024,0.03737342517302544,0.1868671258651276,-1.0714392170106435,-1.4988296394686909,-1.6374094970863742
0.32039999999999996,0.05920000000000012,0.6203999999999991,0.04978073555802256,0.009197938654915548,0.09639191117414841,-1.3072358555884305,-2.6890821874081237,-2.366213838353759
0.6720000000000007,0.06870000000000004,0.25929999999999986,0.7772427265552994,0.07945918945587656,0.29990928421992386,-0.9535408977217499,-1.2777971732803728,-1.3322148615306095
0.44910000000000033,0.07859999999999996,0.47230000000000005,-0.2578631406628833,-0.04513035594767892,-0.271184059975684,-0.7177442591439628,-1.095902801719697,-1.0707829338743762
0.5510999999999997,0.06860000000000002,0.38030000000000064,0.5609424271211347,0.06982516875432748,0.38709200695729995,-1.189337536299537,-2.043356727561985,-1.9201740903520428
0.3297000000000004,0.04900000000000004,0.6212999999999993,-0.25474359168230504,-0.037859981778686505,-0.4800491158999568,-1.189337536299537,-1.8807468813141648,-2.1049636160039173
0.3295000000000001,0.0685,0.6020000000000003,0.3377573219865806,0.07021662080752887,0.617086214980035,-1.0714392170106435,-2.1137170651064894,-1.8993626347912667
0.7040000000000001,0.10850000000000007,0.18750000000000022,0.4946104729642902,0.07622902885884307,0.13173219272841552,-0.9535408977217499,-1.3895536379248032,-1.3345871055267287
0.35999999999999976,0.05890000000000012,0.5811000000000013,0.536039693117848,0.08770204979067037,0.8652574046410622,-1.189337536299537,-1.9143137227579448,-2.099415532274175
0.6727000000000004,0.07839999999999997,0.24890000000000023,0.18920155374665254,0.022050545285770096,0.07000485614321664,-0.8356425784328563,-0.9113113307968457,-1.0931834737416084
0.3904000000000002,0.07859999999999998,0.5310000000000006,0.28161034520673184,0.05669716478803561,0.38303046440772204,-0.8356425784328563,-1.4296580627952167,-1.3756415435579772
0.6059,0.09880000000000005,0.29530000000000023,-0.26837326991736193,-0.0437618073408737,-0.13079819542267213,-1.0714392170106435,-1.3016108380394276,-1.6432904266214619
0.46169999999999944,0.04880000000000002,0.48950000000000055,-0.7682022841906359,-0.08119616952242385,-0.8144574791234939,-1.0714392170106435,-1.3376708334126484,-1.7270769003069029
0.5114999999999996,0.05890000000000013,0.4296000000000007,-0.5400590535287629,-0.06218861828513047,-0.4535862549285574,-1.189337536299537,-2.2337885211480497,-1.9281591200461639
0.23930000000000032,0.11960000000000023,0.6410999999999996,-0.3706881384296248,-0.1852666166158928,-0.9930972233482321,-1.189337536299537,-2.2743645350164416,-2.2640327942858005
0.2497000000000001,0.04930000000000004,0.7010000000000003,-0.03411364556911659,-0.006735293258139562,-0.09576958567861726,-1.3072358555884305,-2.7498521479490106,-2.4251147568990943
0.44030000000000036,0.028500000000000053,0.5312000000000009,0.3807852775461738,0.024647695684910206,0.45939845430962456,-1.3072358555884305,-1.9923809062574733,-2.2226484241678652
0.7021000000000003,0.05910000000000014,0.23880000000000046,0.3536276693819456,0.029766978009504383,0.12027672332774354,-0.9535408977217499,-1.5763877209485273,-1.2841534851318892
0.18790000000000023,0.10830000000000009,0.7038000000000002,-0.15997540301411498,-0.0922050885919566,-0.5992053679687813,-0.8356425784328563,-1.8036064569886678,-1.5989993578117807
0.5720000000000001,0.06870000000000004,0.3592999999999996,-0.00039911619223668987,-4.793580840325281e-5,-0.0002507035801934309,-1.0714392170106435,-1.9611239479647005,-1.6521929256575896
0.08549999999999999,0.04970000000000003,0.8648000000000015,0.03149105137317584,0.01830532459937825,0.3185200143569885,-1.3072358555884305,-2.2844193783058326,-2.5896624673906086
0.6214999999999992,0.009499999999999998,0.3689999999999998,0.21132040771689956,0.0032301590881907453,0.125466179320251,-1.3072358555884305,-1.574189748199137,-2.0203039729758205
0.33970000000000067,0.07809999999999996,0.5822000000000008,0.22137225055525733,0.050895415862129985,0.3794021909722424,-0.5998459398550692,-0.7901382680427959,-0.9519289209802837
0.46139999999999953,0.058900000000000126,0.47970000000000085,-0.11988281127034192,-0.015303635855706895,-0.12463759117118159,-1.0714392170106435,-1.8540405151809678,-1.750057638877504
0.49030000000000046,0.048600000000000025,0.4610999999999996,-0.12114838586688143,-0.012008589747359646,-0.11393334840550463,-0.8356425784328563,-1.304665644049383,-1.2385554656796527
0.5622,0.08869999999999993,0.34910000000000024,0.8300454536333757,0.13095878999871996,0.5154195444030801,-1.0714392170106435,-2.354494156963153,-1.6984092250758693
0.4925000000000004,0.06830000000000003,0.4392000000000005,-0.03476199431673601,-0.004820800430117906,-0.030999934830275046,-1.189337536299537,-1.9812931169632664,-1.9663860212929911
0.38980000000000026,0.0387,0.5715,0.20925678092933367,0.020775365371896375,0.3067990002594,-1.189337536299537,-2.2339802023649207,-2.043509805043056
0.3990000000000002,0.07839999999999996,0.5225999999999996,-0.356876742371947,-0.0701231493783474,-0.467428033993933,-0.8356425784328563,-1.3031575917618274,-1.3548188718278835
0.6022000000000003,0.05850000000000011,0.3393000000000006,-0.07074500848151463,-0.00687243938254502,-0.039860148418761114,-1.189337536299537,-1.255670841711653,-1.8467341565106494
0.6118999999999996,0.04830000000000003,0.33980000000000066,-0.42207973761523887,-0.03331663887369842,-0.23438910743856603,-1.3072358555884305,-1.911051762812675,-2.056037084065173
0.4012000000000001,0.0388,0.56,0.2516989633797639,0.024341774125460708,0.35132457500664943,-1.189337536299537,-2.117457002196488,-2.0330968437374004
0.3594999999999997,0.06820000000000001,0.5722999999999999,-0.8306011828421409,-0.15757162912332145,-1.3222616326580183,-0.9535408977217499,-1.9195720001420136,-1.6113735472613842
0.4518000000000002,0.04730000000000001,0.5009000000000002,0.017910847831284656,0.0018751286020800445,0.01985733439285189,-1.0714392170106435,-1.8372083464735993,-1.7506517014975884
0.4399000000000004,0.058400000000000125,0.5017000000000001,-0.0014587904846967642,-0.0001936652973546059,-0.0016637308164863971,-1.0714392170106435,-1.4342129034034115,-1.773232369122954
0.6639000000000005,0.0890999999999999,0.24700000000000022,-0.7688819959569194,-0.10318931441446211,-0.2860579198694971,-0.9535408977217499,-0.9859272666120455,-1.3295741344709953
0.4416000000000003,0.06840000000000002,0.4900000000000005,0.6676827944472379,0.10341825892253408,0.7408617963748791,-1.189337536299537,-1.8926245008763152,-2.0306287769275735
0.5925000000000006,0.06820000000000004,0.33930000000000066,-0.7712345200072633,-0.08877332365315668,-0.44165379348264083,-1.189337536299537,-1.453758458637388,-1.852148114089654
0.40130000000000016,0.07799999999999997,0.5206999999999997,-0.00622509325707745,-0.001209960812489511,-0.008077264039272926,-1.0714392170106435,-1.9553392212903198,-1.831166581321555
0.6426999999999996,0.08839999999999992,0.26890000000000003,-0.5989293740044452,-0.08237958092732682,-0.2505867569158168,-0.5998459398550692,-0.6869429948501453,-0.6448150498415225
0.2993000000000002,0.04840000000000003,0.6522999999999991,0.39092637281536735,0.06321696105667818,0.8519922251502292,-1.189337536299537,-2.3479873911841973,-2.146307979070168
0.5410000000000001,0.01819999999999999,0.44080000000000036,-0.11623482409491315,-0.003910302769921289,-0.09470667368029158,-1.3072358555884305,-2.422585716060593,-2.10253876502488
0.29000000000000037,0.05790000000000011,0.6520999999999995,-0.03442928970453393,-0.006873985772043159,-0.07741841315974667,-0.9535408977217499,-1.877077434630149,-1.6850270117447386
0.7735000000000011,0.11860000000000025,0.10790000000000007,-0.35170250530573005,-0.0539262018477823,-0.049061021748530366,-1.0714392170106435,-1.6944946382181492,-1.494634609618026
0.35949999999999965,0.10930000000000008,0.5312000000000007,-0.09896945785779332,-0.030090018758989787,-0.1462380417637272,-0.8356425784328563,-1.673533811026855,-1.4299786956264575
0.13649999999999993,0.07949999999999996,0.7840000000000005,-0.10451388202859052,-0.060870722500168103,-0.6002848608821616,-1.189337536299537,-2.2322752078252215,-2.3309616978558854
0.5320000000000007,0.07909999999999996,0.3889000000000002,-0.08130410074985417,-0.012088636032544085,-0.05943452026619974,-0.9535408977217499,-1.2595145126474274,-1.4646021635678608
0.23870000000000047,0.06720000000000004,0.6941000000000007,-0.01302437786486423,-0.003666687023539485,-0.03787273010474342,-0.7177442591439628,-1.094361947892356,-1.2733597145073867
0.6131999999999994,0.06750000000000003,0.3192999999999998,-0.5731039127284863,-0.06308629176316516,-0.2984215253330165,-1.189337536299537,-1.9490346983582227,-1.8347674822713202
0.774100000000001,0.05930000000000012,0.1666000000000001,-0.41571577640745283,-0.03184594437535457,-0.08946938166836532,-0.9535408977217499,-1.1255837079840176,-1.1971107602143296
0.3704999999999997,0.09960000000000006,0.5299000000000008,-0.2886539881514091,-0.07759767130871899,-0.4128414259687774,-0.9535408977217499,-1.7954196001667428,-1.6419677113064821
0.5117999999999997,0.06800000000000005,0.42019999999999996,-0.3071687837892194,-0.0408117962048983,-0.2521928936073272,-1.189337536299537,-2.1256061586573436,-1.9415476140196801
0.4112999999999995,0.058500000000000114,0.5302000000000008,-0.04074746121514672,-0.0057955907636423306,-0.05252687560484037,-1.3072358555884305,-2.261612161318391,-2.2734253906232427
0.5002000000000002,0.10920000000000007,0.3906000000000002,0.5310684935560672,0.1159389833992854,0.41470482523590546,-1.3072358555884305,-2.4969677868960702,-2.2469342394878424
0.6244999999999993,0.08889999999999991,0.2866000000000004,0.7941625750035679,0.1130521263696032,0.36446276060211874,-0.9535408977217499,-1.6329879988344964,-1.3999102028339343
0.42009999999999975,0.029400000000000072,0.5505,0.3057054839263603,0.021394289996274747,0.4005971647261639,-1.3072358555884305,-2.629169196561776,-2.2421527782021173
0.5403000000000002,0.11860000000000022,0.34110000000000057,-0.17455293999065966,-0.038315711054770066,-0.11019805262042215,-1.0714392170106435,-1.707015101973369,-1.7302835144148614
0.5019000000000001,0.05730000000000011,0.4408000000000004,-0.0385181839991964,-0.004397473487057098,-0.03382908050776207,-0.9535408977217499,-1.6680323972577336,-1.4735448071665787
0.3095999999999997,0.07830000000000002,0.6120999999999995,-0.055831396136893315,-0.014120149604388734,-0.11038242110914859,-0.9535408977217499,-1.8014862565789513,-1.6855764269121782
0.3488000000000002,0.057400000000000104,0.5938000000000005,0.3461076602113884,0.05695693720221822,0.5892165385135392,-0.8356425784328563,-1.5597283063359038,-1.3968795236526375
0.6342999999999992,0.07919999999999999,0.2865000000000004,0.5738965192799995,0.07165789740970521,0.25921701525101737,-1.3072358555884305,-2.1403717369350783,-2.0846589800670383
0.5520000000000002,0.04900000000000002,0.3990000000000002,-0.4284304530337757,-0.03803096412799821,-0.309680707899414,-1.0714392170106435,-1.2013414319160876,-1.6438761941176754
0.46139999999999964,0.07830000000000002,0.46029999999999954,0.6482685007714747,0.11001175468228548,0.6467229971935625,-1.0714392170106435,-1.7625876992749652,-1.7843490260640424
0.3691999999999997,0.10830000000000008,0.5224999999999997,-0.10794907403941581,-0.031665451566816764,-0.15277191545394037,-1.189337536299537,-2.053858198580137,-2.1277496366663615
0.35999999999999976,0.037800000000000014,0.6022000000000003,0.3616810295896825,0.037976508106916704,0.6050119889414085,-1.0714392170106435,-1.9757458999674222,-1.8388416840530435
0.5044000000000001,0.06610000000000003,0.4295000000000006,1.2980569544568081,0.17010619486438353,1.1053042465091194,-1.0714392170106435,-1.2499728496234277,-1.742232219089165
0.7436999999999994,0.12769999999999998,0.12859999999999996,0.7263661418656443,0.12472362016437118,0.12560264332919446,-1.0714392170106435,-1.9801726700089055,-1.5552745538748631
0.39130000000000015,0.10800000000000007,0.5007000000000001,-0.4519069967227349,-0.12472771695899663,-0.5782515544571258,-0.8356425784328563,-1.2835022647543988,-1.3903778420184931
0.41049999999999953,0.11830000000000025,0.4711999999999996,-0.5728845056423815,-0.16509680150424838,-0.6575960513000981,-0.8356425784328563,-1.2557148323225724,-1.3792491985970603
0.4113999999999996,0.029000000000000064,0.5596000000000001,-0.07570524044855705,-0.005336538582907539,-0.10297679279293286,-1.189337536299537,-2.09195383558981,-2.006905160272189
0.5207999999999997,0.11980000000000028,0.3593999999999998,-0.13957188044592492,-0.032105820425157174,-0.09631746127547122,-0.9535408977217499,-1.380159229084327,-1.5153804410456426
0.29030000000000045,0.11910000000000025,0.5906000000000007,-0.14156578088135643,-0.05807951947285415,-0.28800809572348973,-0.8356425784328563,-1.7550848295302535,-1.5079444542236962
0.5626000000000001,0.09920000000000005,0.3382000000000005,0.289070686436758,0.050970160139577676,0.17377125160489099,-0.7177442591439628,-0.961857435933337,-0.989225752203364
0.48200000000000087,0.08869999999999989,0.42930000000000074,1.3453046213685351,0.24756954339292261,1.1982142613143405,-1.0714392170106435,-1.8034321235029944,-1.787889926102133
0.5024000000000001,0.04870000000000002,0.44890000000000035,-0.46416387768186534,-0.044993592442489745,-0.4147355985099313,-1.189337536299537,-1.6540326068182565,-1.9284934089488772
0.3603999999999998,0.06790000000000003,0.5717,-0.15094063685227213,-0.02843748402405463,-0.2394360768269812,-0.8356425784328563,-1.3895329351799428,-1.3866336418622163
0.5019000000000001,0.03460000000000002,0.4634999999999998,0.08369716470213766,0.005769918108575341,0.07729355616545283,-1.0714392170106435,-1.661948306494612,-1.6893969953113452
0.35020000000000023,0.11870000000000025,0.5311000000000007,-0.027833187960589003,-0.009434036010627983,-0.04221075421435987,-0.9535408977217499,-1.6049256713009643,-1.6861660135921532
0.5112999999999996,0.06810000000000002,0.4205999999999997,-0.4802230301464325,-0.06396086124187773,-0.39503580379344705,-1.0714392170106435,-1.911208904892613,-1.702555022588415
0.2487000000000002,0.06970000000000003,0.6816000000000014,-0.08126086465215515,-0.022773953623864945,-0.2227077014350986,-1.3072358555884305,-2.268661894220707,-2.4457397682337527
0.35030000000000017,0.1289999999999999,0.5206999999999997,0.004857928080809978,0.0017889600982714424,0.007221019559456902,-0.7177442591439628,-1.522182895950091,-1.2245905712103349
0.8039000000000003,0.08849999999999993,0.10760000000000007,1.6159522816211183,0.17789747098329245,0.21629116246104288,-0.8356425784328563,-0.7206575039635352,-1.0020221745319708
0.4191999999999998,0.07919999999999999,0.5016000000000002,-0.034774957106281645,-0.006570077773896725,-0.04161049256801261,-0.9535408977217499,-1.5259921187911265,-1.5778225055945556
0.6142999999999993,0.06880000000000001,0.3168999999999998,0.3396007570189328,0.03803440026518412,0.1751904279656517,-1.3072358555884305,-2.0714178756148405,-2.0894181817759563
0.40120000000000006,0.1285999999999999,0.4701999999999998,0.34291156036362647,0.10991631770379443,0.40188687857172745,-0.8356425784328563,-1.6995946455056103,-1.4161490203587237
0.5442000000000001,0.0879999999999999,0.36779999999999974,0.05866355211106812,0.009486204678011737,0.0396480236428718,-1.189337536299537,-2.0489771314871215,-1.9365389552260552
0.2592999999999998,0.10810000000000007,0.6325999999999993,0.06853395062888278,0.028571230478142067,0.16719852359364143,-0.8356425784328563,-1.4777796204171894,-1.5314472879639194
0.29980000000000023,0.09860000000000003,0.6016000000000001,-0.04044179170005746,-0.013300736029438506,-0.08115337520598584,-0.7177442591439628,-1.4944565819195925,-1.2435466515323212
0.5718,0.10820000000000007,0.31999999999999984,-0.18005446116141288,-0.03407116596303758,-0.10076500099974134,-0.7177442591439628,-0.8569656577795237,-0.9798084768185107
0.4815000000000008,0.14940000000000012,0.3690999999999998,0.5628177647313861,0.1746313064400187,0.43143517541506576,-0.9535408977217499,-2.0867459411115457,-1.597745763436147
0.4710999999999998,0.11840000000000023,0.4104999999999996,-0.16821486271262154,-0.042276883347854885,-0.1465765254585674,-0.9535408977217499,-1.7889839430056715,-1.5628865830998784
0.6424999999999996,0.058900000000000126,0.29860000000000025,-0.365450554079382,-0.03350200410159635,-0.1698420785184492,-1.189337536299537,-1.5393691676062657,-1.801127548626181
0.3003000000000001,0.058200000000000134,0.6414999999999996,0.40290594519499917,0.07808566770012985,0.8606865262823568,-1.0714392170106435,-1.8920836625972408,-1.9191452316148463
0.4604999999999996,0.07849999999999997,0.4609999999999997,-0.7945667860922364,-0.13544732401355178,-0.7954295079012401,-1.189337536299537,-1.8498046609794616,-1.9937474787093128
0.42109999999999975,0.13899999999999996,0.4399000000000003,0.12147549001386242,0.040097585162495564,0.12689876052504903,-0.7177442591439628,-0.9143183887024113,-1.1664142180764805
0.28870000000000035,0.11880000000000027,0.5925000000000006,0.2512929117132416,0.10340698964853874,0.5157293044339993,-1.189337536299537,-2.1750551066138626,-2.224789987116894
0.2494000000000002,0.058600000000000124,0.6920000000000008,-0.05331421207652112,-0.01252691590891797,-0.14792876807118135,-0.8356425784328563,-1.1508618066718432,-1.4896060210318143
0.6423999999999997,0.11910000000000026,0.23850000000000038,-0.10768726007019017,-0.019965057089600998,-0.03998040399554857,-0.7177442591439628,-0.8860330002301008,-0.921923081785942
0.3386000000000006,0.0889999999999999,0.5724000000000001,0.16392320028230345,0.04308672423250137,0.2771105724795935,-0.8356425784328563,-1.2469435270170721,-1.435277056898862
0.5424000000000002,0.1276999999999999,0.32990000000000036,-0.13743680646633397,-0.03235744872004208,-0.0835921874137972,-1.0714392170106435,-1.396288645436735,-1.738041528236305
0.6007000000000002,0.0887999999999999,0.3104999999999998,0.3907852571858972,0.05776882110555622,0.20199570893327942,-0.7177442591439628,-1.3782827509253477,-0.9429844685451685
0.5331000000000008,0.0882999999999999,0.3786000000000003,-0.06570148199966531,-0.010882462690996872,-0.04666025339537286,-1.0714392170106435,-1.976734045193318,-1.709230747921492
0.5003000000000002,0.07940000000000001,0.4202999999999997,-0.0553381688152554,-0.008782431748813267,-0.046489371083453565,-0.8356425784328563,-1.7036156140529222,-1.260749643840044
0.5723000000000001,0.1389,0.2888000000000003,-0.058713795760034646,-0.01425012446456196,-0.029628768505151174,-0.5998459398550692,-0.7343655563216944,-0.7762723805556719
0.3508000000000002,0.08929999999999993,0.5599000000000001,0.36168274824366897,0.09207032331288367,0.5772695859225488,-1.0714392170106435,-2.0986452257005683,-1.8995207901116198
0.5729000000000001,0.24980000000000013,0.17729999999999996,0.8056669341532415,0.3512927215072086,0.24933626710659743,-0.3640493012772821,-0.21312559867528946,-0.4313770241939804
0.35979999999999973,0.06820000000000002,0.5720000000000001,0.23146832557613523,0.04387476321370883,0.36798188501820306,-0.8356425784328563,-1.3411031060801155,-1.3946535571021905
0.482600000000001,0.11880000000000027,0.39860000000000023,0.768904701032581,0.18927865412903158,0.6350713092241739,-0.7177442591439628,-1.0257129779952574,-1.0976225195856573
0.4101999999999995,0.07829999999999997,0.5114999999999995,0.19073290026247178,0.03640757213688823,0.2378349061049594,-0.9535408977217499,-1.3252545231124468,-1.5901616415843554
0.3903000000000002,0.11900000000000029,0.49070000000000047,-0.36309377848619123,-0.11070499523406825,-0.45649530387695136,-0.8356425784328563,-0.9384135291786376,-1.4040732635334612
0.5729000000000002,0.10870000000000009,0.31839999999999985,0.5641406846304868,0.10703803878396571,0.3135318449752957,-0.8356425784328563,-0.9909101343516246,-1.23015463790677
0.5720000000000001,0.07939999999999997,0.3486000000000003,-0.027116425384049136,-0.0037640632438697558,-0.016525849456083104,-0.9535408977217499,-1.48109038294396,-1.426183439576001
0.39050000000000035,0.08819999999999993,0.5212999999999995,0.3064124031597756,0.06920761577129875,0.4090468265485038,-0.9535408977217499,-1.4421892866195618,-1.6218215657943909
0.5533,0.1289999999999999,0.3176999999999998,0.16036826819069935,0.03738931248255955,0.0920820509744897,-0.4819476205661756,-0.3040603499743888,-0.5533742123630863
0.6319999999999991,0.058900000000000126,0.30909999999999976,-0.7669992245751681,-0.07148141507512273,-0.3751257283483934,-0.9535408977217499,-1.0153328776541688,-1.3311314879182725
0.2399000000000004,0.11850000000000019,0.6415999999999994,0.08496406839731035,0.04196849564435714,0.2272319561638774,-0.7177442591439628,-1.5262284807134696,-1.3252103176388557
0.5825000000000011,0.08789999999999988,0.3296000000000003,-0.48220806562077356,-0.0727658179709285,-0.2728511217658486,-0.8356425784328563,-1.190540151829753,-1.1790163411844992
0.3712999999999998,0.07859999999999999,0.5501,0.926777998392442,0.19618839395002954,1.3730691540955633,-0.9535408977217499,-1.4264323276490432,-1.642861802294456
0.6650000000000009,0.12000000000000027,0.21500000000000008,0.5924960794328571,0.10691658576232017,0.19155888282415662,-0.9535408977217499,-1.150775774177463,-1.386806071002031
0.3188,0.08939999999999992,0.5918000000000008,-0.05618830705556476,-0.015756695893248074,-0.10430439183024866,-1.189337536299537,-2.0629145284186166,-2.1599324161231523
0.2893000000000004,0.14880000000000013,0.5619000000000001,0.45657705310965274,0.23483811096687277,0.8867979472599846,-0.4819476205661756,-0.811515249573292,-0.8406648807164169
0.41099999999999953,0.17919999999999991,0.4097999999999996,-0.10966454467830168,-0.047814808774578284,-0.10934435622668622,-0.5998459398550692,-0.9315151089028879,-0.9761544036470788
0.18960000000000027,0.08929999999999991,0.7210999999999991,0.09313661135993091,0.04386655798756229,0.35422368381669833,-1.189337536299537,-2.3325303242871045,-2.2907987936851884
0.4808000000000009,0.17030000000000028,0.3489000000000003,0.520886860378809,0.18449881930638762,0.3779896538813775,-0.3640493012772821,-0.3725040977252687,-0.43755873394189015
0.25959999999999983,0.14940000000000012,0.5910000000000006,0.4069339912823501,0.23419082549146067,0.9264175225264611,-0.9535408977217499,-1.5570051618255285,-1.8145226326360333
0.2396000000000004,0.08879999999999992,0.6716000000000006,-0.1685321164665076,-0.0624609847338307,-0.4723963665229817,-0.9535408977217499,-1.8798981136309516,-1.7638705398716832
0.4311000000000006,0.13909999999999997,0.4298000000000006,0.6598270334052845,0.2129017405397238,0.6578372975123898,-0.3640493012772821,-0.6688839437156815,-0.45824760076927973
0.47159999999999963,0.15999999999999992,0.36839999999999967,0.6173047449093382,0.20943333160622168,0.4822202460233252,-0.8356425784328563,-1.3758637685194743,-1.3830249472715497
0.32950000000000035,0.08899999999999991,0.5815000000000009,0.0524161438461224,0.014157926562382047,0.0925037561351144,-0.7177442591439628,-1.0805340357416364,-1.2060740400782406
0.3613999999999998,0.20909999999999992,0.4295000000000007,0.2636913996023351,0.15256743679260734,0.31337979006420363,-0.7177442591439628,-1.1635180894959858,-1.2985577638169223
0.7837000000000005,0.1190000000000002,0.09730000000000004,0.6818096635878156,0.1035285823235296,0.0846498408410035,-0.8356425784328563,-1.1554123196699102,-1.0335384942958474
0.5830000000000011,0.1378,0.27920000000000006,-0.1888472263180069,-0.04463661712971064,-0.09043935778385497,-0.7177442591439628,-0.8250214951780455,-0.9981466206399545
0.4923000000000005,0.10820000000000007,0.39950000000000013,-0.46861555017190126,-0.10299452067560369,-0.3802801387236937,-0.5998459398550692,-0.5535670981470804,-0.8171207555778444
0.2795000000000001,0.10880000000000009,0.6116999999999996,0.007303477280818083,0.002842999385162819,0.01598403238882439,-0.8356425784328563,-1.5732284278269923,-1.5110050728893396
0.5012000000000002,0.12919999999999987,0.36959999999999965,-0.3782914292797744,-0.09751646580795448,-0.27896351209458187,-1.0714392170106435,-1.5728604193047144,-1.7758526710276177
0.5821000000000014,0.10830000000000008,0.3095999999999997,0.5468000786539807,0.10173243174407492,0.2908251234345849,-0.8356425784328563,-1.4539514242399545,-1.2202792221337218
0.3298000000000003,0.11900000000000029,0.5512,0.4638719799884291,0.16737648762469115,0.7752766384767189,-0.8356425784328563,-1.5354245162789415,-1.4795263329256128
0.2981000000000002,0.1587999999999999,0.5431000000000002,0.6908594548286613,0.3680257679530066,1.2586573965697614,-0.3640493012772821,-0.5552205985734315,-0.609940723377133
0.3300000000000004,0.08859999999999991,0.5814000000000009,-0.08336991451217447,-0.022383558865995887,-0.14688263120417655,-0.8356425784328563,-0.9925829607285015,-1.438891792901985
0.4501000000000003,0.13940000000000002,0.4104999999999997,-0.34740626963724297,-0.10759483223157443,-0.3168413101223907,-0.9535408977217499,-1.647489347730838,-1.6013957134868457
0.3296000000000002,0.1895000000000003,0.48090000000000077,-0.0686059391131601,-0.03944425200832479,-0.10009889599368543,-0.7177442591439628,-1.632476652407727,-1.3044544773491475
0.7814000000000004,0.08949999999999991,0.12909999999999988,-0.049908323861646696,-0.005716400032783942,-0.008245667533322983,-1.0714392170106435,-1.590020778194442,-1.4637650252964853
0.43180000000000074,0.11790000000000025,0.45030000000000026,-0.14731469452476603,-0.0402232572590781,-0.15362623192334893,-0.9535408977217499,-1.8960482378495336,-1.6019096324987565
0.6026000000000001,0.10840000000000008,0.28900000000000037,0.5904240618983672,0.10620970512741958,0.2831605607179361,-0.7177442591439628,-0.9818214234724965,-0.9647000977697002
0.35949999999999965,0.10890000000000008,0.5316000000000008,0.03932443945369757,0.01191218763979881,0.05814985261080857,-0.7177442591439628,-1.2188230768163506,-1.1959449139908371
0.6224999999999993,0.11860000000000025,0.2588999999999998,0.49216497917161545,0.09376829964619081,0.2046931937470382,-1.0714392170106435,-1.721231579593531,-1.6617933138391847
0.5008000000000001,0.18049999999999986,0.3186999999999999,-0.07502411008485729,-0.027040439038172378,-0.047743977404241224,-0.2461509819883885,-0.13391902644172682,-0.18016426697893306
0.23900000000000046,0.15949999999999995,0.6015000000000003,0.11400389909975647,0.07608210002682475,0.2869177627970854,-0.8356425784328563,-1.9514140712298464,-1.6038527410473031
0.38190000000000046,0.1489000000000001,0.4691999999999997,0.08944198380160309,0.034872771374859106,0.10988787326449881,-0.8356425784328563,-0.9233202285955892,-1.4508794446221025
0.5238,0.1491000000000001,0.32710000000000033,0.8991611361214478,0.25594678387878567,0.5615036418963838,-1.189337536299537,-1.9832249947113496,-2.034470719028133
0.5725,0.07879999999999997,0.3487000000000003,-0.2290289717991441,-0.03152398773410052,-0.1394976462294526,-1.189337536299537,-2.0049952053819777,-1.893476797824962
0.45160000000000017,0.10910000000000007,0.43930000000000036,-0.6001866056334187,-0.14499636553278566,-0.5838396276677612,-0.5998459398550692,-1.2526824444130784,-0.8560730406739152
0.3998000000000002,0.0881999999999999,0.5119999999999996,-0.08714266987047255,-0.01922457099193513,-0.11159841664252597,-0.4819476205661756,-0.9817302869526139,-0.6603521639222956
0.35080000000000017,0.13920000000000002,0.5099999999999997,-0.44157912692464674,-0.17522182003395326,-0.6419764958140524,-0.8356425784328563,-1.7002535125771339,-1.4622882785415086
0.622699999999999,0.10850000000000008,0.2688,0.05261645322503162,0.00916795435188043,0.022712867555626338,-0.5998459398550692,-0.7788728808675724,-0.6979056009652265
0.35000000000000026,0.1493000000000001,0.5007000000000003,-0.7907755530745058,-0.33732225735435345,-1.131260912641157,-0.8356425784328563,-1.7161384362328063,-1.4667910303200138
0.5531999999999999,0.10860000000000009,0.33820000000000067,-0.74544062424822,-0.14633921148473747,-0.45572671569188095,-0.9535408977217499,-1.6949112096416414,-1.459961010265937
0.3912000000000002,0.20959999999999987,0.39920000000000017,0.2282073670600967,0.12227061384405985,0.23287418438238902,-0.2461509819883885,-0.047923953851896184,-0.32403481671121726
0.3612999999999996,0.12849999999999992,0.5101999999999997,0.00877804045263345,0.003121998887803484,0.012395671848695233,-0.7177442591439628,-1.4285512667374283,-1.213222981716799
0.3912000000000002,0.1293999999999999,0.47940000000000077,-0.347553793862249,-0.11496283467733885,-0.42591331487106937,-0.8356425784328563,-1.642737621971683,-1.4138920659573384
0.582000000000001,0.11840000000000027,0.2996000000000001,-0.4813526165325729,-0.09792465600937571,-0.24778907888858873,-0.9535408977217499,-1.1261824303020789,-1.4462999282571585
0.6423999999999994,0.14890000000000006,0.20869999999999986,0.3678619966543144,0.08526564648478749,0.11950933795416474,-0.8356425784328563,-0.9129626501786515,-1.1974887897714757
0.29870000000000024,0.23059999999999983,0.47069999999999995,0.40380803593475856,0.3117446705274696,0.6363322481235041,-0.4819476205661756,-1.1051136400179387,-0.9123188324131004
0.5515000000000003,0.16990000000000025,0.27859999999999996,-0.004046353573946452,-0.0012465557066427973,-0.0020440872270199102,-0.3640493012772821,-0.0977945156721457,-0.3566982908980967
0.3090999999999997,0.09930000000000004,0.5916000000000006,-0.4767822507107899,-0.1531688045796878,-0.9125343886137296,-0.8356425784328563,-1.2185988458281087,-1.4633290859465558
0.531600000000001,0.1491000000000001,0.3192999999999999,0.0840938298652469,0.023586136254530283,0.0505100825356909,-0.8356425784328563,-1.2438669236003155,-1.3021746559029603
0.13779999999999998,0.13909999999999995,0.723099999999999,0.0826899802537123,0.08347007440704919,0.43391237098301366,-0.8356425784328563,-2.2028848382409243,-1.6832311072446895
0.4397000000000004,0.17929999999999988,0.38100000000000045,-0.2214096640796031,-0.09028599674658351,-0.19185144874762064,-0.4819476205661756,-0.6260436030115738,-0.7093598705317574
0.28840000000000027,0.1794999999999999,0.5321000000000008,0.36063070302359057,0.22445634948937038,0.665366147984926,-0.4819476205661756,-1.0533251513347652,-0.8705933807769519
0.2676000000000001,0.08939999999999991,0.6429999999999997,0.11990916435537254,0.04005933966132395,0.2881225436491199,-1.189337536299537,-2.0965562580268355,-2.2139639576503845
0.5214999999999997,0.1789999999999999,0.2995000000000002,-0.5510908626956322,-0.18915678700386995,-0.31649417713776046,-1.0714392170106435,-1.764342342546076,-1.8021657718805293
0.3791000000000005,0.1695000000000003,0.45140000000000013,0.4158143666878871,0.18591541850065127,0.49511634165896085,-1.189337536299537,-2.072597076197867,-2.1889723970018613
0.46129999999999965,0.08899999999999991,0.4497000000000002,0.1224057148336096,0.023616103663974097,0.119327660872912,-1.0714392170106435,-2.1255828433490174,-1.7849973182543972
0.4102999999999996,0.11860000000000022,0.47109999999999985,0.8656270150603146,0.25021536433378894,0.9938993097609419,-0.7177442591439628,-1.3512763857059598,-1.1708187474704403
0.37950000000000045,0.1296999999999999,0.4908000000000005,-0.020955642147735286,-0.0071619151161034554,-0.0271015261294031,-0.7177442591439628,-0.9893001113024351,-1.1957700783315413
0.5311000000000007,0.12949999999999987,0.3394000000000006,-0.6134679575768139,-0.1495840717495711,-0.39203732781316275,-0.7177442591439628,-1.0280025333760705,-1.0331549594807774
0.4703999999999995,0.14060000000000003,0.3890000000000002,0.6215062261641509,0.18576482865365587,0.51395816746993,-0.5998459398550692,-0.5901553878020906,-0.8924786222316525
0.632299999999999,0.17030000000000037,0.19740000000000024,0.667405773842861,0.17975518469941432,0.2083597971794736,-0.3640493012772821,-0.4723586256703855,-0.2901337204828316
0.34960000000000024,0.10890000000000008,0.5415000000000003,0.6028735389620188,0.18779441760001103,0.9337986880661704,-1.0714392170106435,-1.8580613023630224,-1.924784477535896
0.45080000000000015,0.1905000000000003,0.3586999999999998,-0.6084236358424707,-0.25710892330965135,-0.48412058158095395,-0.3640493012772821,-0.07324333276393818,-0.4659276448167493
0.3499000000000002,0.17889999999999995,0.4711999999999999,-0.08176747479746217,-0.04180680549090017,-0.1101138443114151,-0.4819476205661756,-0.729622375270357,-0.8009912449407399
0.17829999999999988,0.16930000000000028,0.6523999999999994,0.406767438395997,0.3862351504231209,1.488362741500552,-0.7177442591439628,-1.0599875787033781,-1.4420030327067441
0.3184999999999999,0.14890000000000014,0.5326000000000006,0.049965153626184144,0.023358905415820495,0.08355240446249831,-0.7177442591439628,-1.274829757616704,-1.2769643658208982
0.4912000000000004,0.07849999999999999,0.43030000000000057,-0.04490710935888037,-0.007176726556742886,-0.039339432323139724,-0.7177442591439628,-0.8091753811493457,-1.0329053409904136
0.28960000000000047,0.12979999999999992,0.5806000000000009,-0.4660888691912919,-0.20890309123283685,-0.9344309304297792,-0.5998459398550692,-1.0555142163118822,-1.0412244971162035
0.5817000000000011,0.16009999999999994,0.2581999999999999,-0.28601415736275376,-0.07871904176341202,-0.1269535077033915,-0.5998459398550692,-0.5842036470340084,-0.7836633592877936
0.6144999999999994,0.1789999999999999,0.2065,-0.5355733381451718,-0.15600915789745454,-0.17997704528393507,-0.8356425784328563,-1.4788388726151203,-1.2373846456023205
0.4004000000000001,0.17859999999999995,0.4209999999999999,0.17479897763745,0.07796977374138002,0.18379213183158447,-0.3640493012772821,-0.565834033339444,-0.5190523697227276
0.42119999999999974,0.06840000000000002,0.5103999999999996,0.7705482435680698,0.12513176604951573,0.9337317747320579,-0.9535408977217499,-1.7021220874075742,-1.5803981227894184
0.24020000000000047,0.14,0.6197999999999991,0.4142963128732489,0.24147162282370832,1.0690293701866729,-1.0714392170106435,-2.143811544406605,-2.0605752302307394
0.40070000000000006,0.15899999999999997,0.4403000000000004,-0.16173082500716673,-0.06417569547327052,-0.17771420576654745,-0.7177442591439628,-0.7701749662450239,-1.2013858330019465
0.5524999999999998,0.15829999999999994,0.2892000000000004,0.9000976454197239,0.25789223035283676,0.47114613403689526,-0.4819476205661756,-0.4563831419659544,-0.5980715812574007
0.4914000000000005,0.1396,0.3689999999999998,0.5633206127032082,0.16003165961206306,0.4230063208943498,-0.7177442591439628,-0.715297695014934,-1.1057306158314804
0.5418000000000003,0.13849999999999998,0.3196999999999998,-0.07861793786427454,-0.020097054991144364,-0.0463900973333491,-0.5998459398550692,-0.7512722817788012,-0.8058208572840029
0.3593999999999997,0.15910000000000002,0.48150000000000087,-0.5091085423927458,-0.22537331411988298,-0.6820694578800995,-0.3640493012772821,-0.324468939217703,-0.5276067793514765
0.4812000000000008,0.10820000000000006,0.41059999999999963,0.013988053737279502,0.0031452772534780555,0.011935774863937964,-0.9535408977217499,-1.4644210572775784,-1.5461480502182507
0.46069999999999944,0.19950000000000015,0.3398000000000007,-0.13999925695865145,-0.060624813898960316,-0.10325970808454507,-0.3640493012772821,-0.5317901907630233,-0.47405016626729196
0.29940000000000017,0.14890000000000012,0.5517000000000001,0.31897643808071857,0.15863591058857385,0.5877732160625664,-0.8356425784328563,-1.6626573941049834,-1.5369333863985808
0.34080000000000066,0.15929999999999997,0.4999000000000003,0.6597487990984406,0.30838610239548525,0.9677477249686327,-0.7177442591439628,-1.4806840900937863,-1.2763624050864462
0.4109999999999996,0.1083000000000001,0.4807000000000009,-0.3223577087630828,-0.08494243274706066,-0.37702518394748014,-0.7177442591439628,-1.4525778669863554,-1.1372787949389933
0.3090999999999999,0.19950000000000012,0.49140000000000034,-0.37451779473710994,-0.24172209657086222,-0.5953996905008606,-0.3640493012772821,-0.28775670303541484,-0.6208298410216949
0.3900000000000002,0.12889999999999993,0.4811000000000009,-0.2031293375613822,-0.06713685028631318,-0.25057826743790035,-0.7177442591439628,-1.176249061184714,-1.1811020369238139
0.3393000000000006,0.15859999999999996,0.5021000000000001,0.37944171186835696,0.17736355880436572,0.5615021618894834,-0.4819476205661756,-0.4319438568546363,-0.7996264262242387
0.5209999999999997,0.15969999999999995,0.3192999999999998,0.909806974577729,0.27887941236096614,0.5575841976634719,-0.4819476205661756,-0.4112964883446756,-0.6308678729291505
0.4313000000000007,0.15889999999999996,0.4097999999999995,0.10288918670556353,0.037906542470470705,0.09776023350785953,-0.5998459398550692,-0.645598844014312,-0.9396579603390209
0.38010000000000055,0.13899999999999998,0.480900000000001,0.8245696928151159,0.30153956143462496,1.043240108589291,-0.8356425784328563,-1.0208836117988687,-1.456489500807497
0.2590999999999997,0.12909999999999994,0.6117999999999996,0.1801830735081246,0.08977859818563835,0.42545736924843947,-0.7177442591439628,-1.6282235020623823,-1.3184017700687143
0.4816000000000009,0.22000000000000003,0.29840000000000033,0.4565575591350959,0.20856034678098195,0.282883670361114,-0.3640493012772821,-0.8831162354753251,-0.4852823998187755
0.4204999999999999,0.1489000000000001,0.4306000000000006,-0.12764576586576937,-0.04519965407232598,-0.13071169270344918,-0.5998459398550692,-0.9426841352116472,-0.9359984156195622
0.25819999999999993,0.13859999999999997,0.6032000000000002,-0.20106004174674466,-0.10792765989968556,-0.4697111432286462,-0.8356425784328563,-1.2781752069414969,-1.5584632535442389
0.20879999999999982,0.12939999999999988,0.6618000000000007,0.32240503539876336,0.199804653163793,1.0218757300138985,-1.0714392170106435,-1.9802934918888646,-2.079402334294105
0.5418000000000002,0.09940000000000007,0.3587999999999998,-0.27249547941836066,-0.04999271069432459,-0.18045658548414123,-0.9535408977217499,-1.6931902744139922,-1.4714246572540026
0.31989999999999985,0.24010000000000054,0.44000000000000045,-0.012586060654805869,-0.009446430644635502,-0.017311243163846798,-0.5998459398550692,-1.1539774243401248,-1.1296099128550705
0.6426999999999996,0.1289999999999999,0.22829999999999984,-0.6868292184823811,-0.13785742832461045,-0.2439755882675083,-0.8356425784328563,-1.6721459879112834,-1.1561482233717826
0.3702999999999997,0.20939999999999984,0.42029999999999973,-0.15014547645405907,-0.08490538150008094,-0.17041896773870116,-0.2461509819883885,-0.17360954557717073,-0.3375837699426322
0.47129999999999966,0.14980000000000013,0.3789000000000003,-0.09375808506176632,-0.029800469217595195,-0.07537648722661427,-0.5998459398550692,-0.9430495301503017,-0.8869913976526167
0.31959999999999983,0.1290999999999999,0.5513000000000001,0.4523978730640962,0.1827426952834005,0.7803721759081239,-0.8356425784328563,-1.5184902161112221,-1.4995175444699802
0.3493000000000003,0.13879999999999995,0.5118999999999996,0.06787558713606405,0.026971461478630634,0.09947183811895544,-1.0714392170106435,-1.7036021365208496,-1.9451582288034692
0.22829999999999986,0.1280999999999999,0.6435999999999995,-0.02410966936560368,-0.01352802735757263,-0.0679675129378122,-0.5998459398550692,-1.05233316200848,-1.1083346093413518
0.3489000000000003,0.1896000000000003,0.46149999999999947,-0.13088729626433868,-0.07112706039472236,-0.1731283669417947,-0.01035434341060139,0.19268622379661038,0.13298685144793276
0.3000000000000002,0.1482000000000001,0.5518,0.3570916256678899,0.1764032630799376,0.6568105301451382,-0.8356425784328563,-1.357151356371913,-1.5363171293273645
0.37139999999999995,0.1896000000000003,0.4390000000000004,-0.277765900126005,-0.1417997163809656,-0.3283231829706955,-0.9535408977217499,-1.6393582088854395,-1.7314753476919005
0.28910000000000047,0.10970000000000009,0.6012000000000004,-0.2994735729524538,-0.11363628831852007,-0.6227724388066933,-0.9535408977217499,-1.395102238150333,-1.7331197655741326
0.3487000000000003,0.15909999999999996,0.49220000000000036,0.36892860912595216,0.1683296292283881,0.52075325899568,-0.5998459398550692,-1.2711406761890804,-1.026821452779982
0.3998000000000001,0.09910000000000004,0.5011000000000002,-0.11349633169733597,-0.02813278256929964,-0.14225365636201867,-0.9535408977217499,-1.790457065249625,-1.6155695596467068
0.31889999999999985,0.1695000000000003,0.5115999999999996,-0.31727098921216307,-0.16863415701305035,-0.5089866355626923,-0.8356425784328563,-1.3747939839546146,-1.5267869726978405
0.481300000000001,0.1888000000000003,0.3299000000000004,-0.015408668440587596,-0.006044372743783372,-0.010561644958549436,-0.9535408977217499,-1.4327911847675148,-1.6262239270631822
0.3087999999999998,0.23940000000000045,0.4518000000000001,-0.12758783893173767,-0.09891362901637978,-0.18667158558730287,0.3433406144560793,0.7088539883694714,0.7516802505427043
0.5856000000000008,0.21780000000000005,0.1966000000000002,-0.8565310360921811,-0.3185663587105137,-0.287558063004991,-0.9535408977217499,-1.3071853241709042,-1.5349338689687309
0.28870000000000046,0.12919999999999993,0.5821000000000008,0.3061239387449393,0.1369976199717564,0.6172315370399347,-0.8356425784328563,-1.4088213733746262,-1.5275766931766424
0.2400000000000005,0.17859999999999993,0.5814000000000008,-0.40240778294547364,-0.2994584584752559,-0.9748328541854092,-0.2461509819883885,-0.43396659149783573,-0.4323725219941822
0.38090000000000035,0.1497000000000001,0.46939999999999976,-0.4523320058100895,-0.17777395975261323,-0.5574288357239582,-0.5998459398550692,-1.122928626317787,-0.9701583571231803
0.41219999999999957,0.20879999999999982,0.37900000000000067,0.2522223903245084,0.12776330688927065,0.23190753501452924,-0.5998459398550692,-0.978391745598117,-1.0114346655785942
0.48130000000000084,0.26850000000000007,0.2502000000000001,0.12296789466676658,0.06859937610227879,0.06392388789865978,-0.01035434341060139,0.1323457127216892,0.1808637448406466
0.4904000000000004,0.20040000000000016,0.30919999999999975,-0.6657730205092394,-0.27206548391119817,-0.41977369074522125,-0.4819476205661756,-0.4568877199206156,-0.6714213213707135
0.49240000000000045,0.2499000000000002,0.25769999999999993,-0.554786057226494,-0.28156181092790583,-0.2903500547263756,-0.5998459398550692,-0.8280536373245007,-0.957393780132941
0.631899999999999,0.15839999999999999,0.20969999999999994,-0.353557295756507,-0.08862711765758949,-0.11733021826260424,-0.7177442591439628,-0.8920096271307083,-0.9668363060839482
0.5627000000000001,0.12849999999999992,0.30879999999999974,0.2178048399592361,0.04973862081884098,0.1195275183568723,-0.5998459398550692,-0.8742357792635044,-0.7808636833163749
0.4723999999999999,0.14950000000000008,0.3781000000000003,-0.0037312206839112123,-0.0011808160293072115,-0.0029863982654251293,-1.189337536299537,-1.887655153390716,-2.0683277456405484
0.38090000000000046,0.09820000000000005,0.5208999999999997,0.38182244269301585,0.09843781536480475,0.5221614870012906,-0.8356425784328563,-1.4774302252129947,-1.4065743397373325
0.23880000000000046,0.15989999999999996,0.6013000000000002,0.15666685922549925,0.10490381402913433,0.3944882012240057,-0.8356425784328563,-1.7585226027334115,-1.6051650673817779
0.3406000000000007,0.18940000000000026,0.4699999999999997,-0.07701246010139957,-0.04282489707341477,-0.10627086390974076,-0.4819476205661756,-1.2522814076826412,-0.8208553801425457
0.4617999999999996,0.2095999999999998,0.3286000000000003,-0.5466032349141279,-0.2480901646556977,-0.38894288218445805,-0.4819476205661756,-0.8142080184884122,-0.7114802117447501
0.3301000000000003,0.22939999999999985,0.4405000000000004,-0.4836589710404512,-0.3361144136827608,-0.6454158641118412,-0.3640493012772821,-0.8516714991509375,-0.6278529153163087
0.2905000000000003,0.11830000000000018,0.5912000000000006,-0.19688500963688077,-0.08017726898465752,-0.4006830213333009,-0.8356425784328563,-1.3907707297896097,-1.5059625404810442
0.48160000000000086,0.21940000000000004,0.2990000000000002,-0.8679583769497841,-0.39541127056225567,-0.5388695072840224,-0.5998459398550692,-1.033486547250435,-0.9315573287884552
0.46229999999999966,0.12739999999999993,0.4102999999999995,0.5400119361333866,0.14881574878519027,0.4792708141802475,-0.8356425784328563,-1.1757266676014213,-1.3581192573051233
0.2581999999999998,0.13990000000000002,0.6019000000000002,-0.06734900020886804,-0.0364915767979111,-0.15699985757442958,-0.8356425784328563,-1.7828256037446233,-1.5620603308657255
0.5725000000000001,0.18850000000000028,0.23900000000000046,-0.0634672553575938,-0.020897078838264537,-0.026495500489895102,-0.3640493012772821,-0.6147015796082729,-0.3532741528107583
0.43110000000000054,0.1595,0.4093999999999997,-0.1979869865671581,-0.0732519702098392,-0.18802104453860907,-0.8356425784328563,-1.5926234411161713,-1.407125946130083
0.2893000000000004,0.1495000000000001,0.5612,-0.23140988673575036,-0.11958443853091827,-0.4489015846391391,-0.8356425784328563,-1.5398663107847694,-1.5378186885022322
0.3409000000000006,0.1886000000000003,0.4704999999999998,-0.05283277376693177,-0.029229278769267616,-0.07291821665397871,-0.4819476205661756,-1.0700087344185956,-0.8201959635557989
0.48050000000000087,0.14910000000000012,0.37039999999999973,-0.2704476329735491,-0.08392037893102214,-0.20847825859188834,-0.7177442591439628,-0.7512250107361187,-1.1099152254438407
0.4203999999999997,0.15929999999999997,0.4202999999999997,0.034071980441644924,0.012910719515590008,0.034063875784070795,-0.5998459398550692,-0.7993321043526138,-0.9495860074818472
0.2695,0.1699000000000003,0.5605999999999999,-0.8268444381782332,-0.521264823920156,-1.7199591541473744,-0.4819476205661756,-1.2868408091702446,-0.859138995536717
0.5526999999999997,0.15849999999999997,0.28880000000000056,-0.35601956907379095,-0.10209716247185793,-0.18602940392348666,-0.7177442591439628,-1.199353489267183,-1.0457547708310129
0.6038000000000001,0.13929999999999998,0.25689999999999985,-0.1315596233356377,-0.03035153284308434,-0.055974937454331394,-0.3640493012772821,-0.2711126375165159,-0.2714927271169634
0.3806000000000006,0.12889999999999996,0.4905000000000006,-0.2487346471505389,-0.0842403994159338,-0.3205579201979487,-1.0714392170106435,-1.8936423468707975,-1.8982092835958069
0.4826000000000009,0.23990000000000047,0.2775000000000001,0.13250044812434986,0.06586584646711881,0.07618913044862624,-0.2461509819883885,-0.26520317340295235,-0.2617783183247463
0.2696,0.1685000000000003,0.5619000000000001,-0.2123722886418713,-0.13273268040116978,-0.4426260719134551,-0.7177442591439628,-1.4737917540141219,-1.3406576956004228
0.4511000000000003,0.2295999999999998,0.3192999999999998,-0.15076660891824542,-0.07673689516211282,-0.10671642258389648,-0.12825266269949495,0.20268267680698118,-0.041162635887572574
0.4818000000000009,0.1693000000000003,0.34890000000000027,-0.40213235914239515,-0.1413055384035025,-0.29120792881855856,-0.7177442591439628,-1.370315280333093,-1.1263176469890261
0.4500000000000002,0.1996000000000001,0.3504000000000002,-0.0057355722747111145,-0.00254404494673853,-0.004466098944575055,-0.4819476205661756,-0.6496843008283537,-0.723565335648115
0.3281000000000001,0.16950000000000026,0.5024000000000002,0.32180981895279576,0.16625042460377612,0.49276822018251937,-0.5998459398550692,-1.358783827255673,-1.0567841972293937
0.3911000000000002,0.18930000000000025,0.41959999999999975,-0.19979417858586593,-0.09670426491000882,-0.2143534577720001,-0.2461509819883885,-0.00016868550493409629,-0.2958009142637375
0.5119999999999996,0.15969999999999993,0.3283000000000003,0.779980894508092,0.243287009478403,0.5001322805996232,-0.5998459398550692,-0.9479406130455718,-0.8734480550475924
0.2695,0.16860000000000025,0.5619000000000001,-0.3149722004682678,-0.19704754359536186,-0.656708272516214,-0.3640493012772821,-0.3914832538532407,-0.6304874296521301
0.5718000000000002,0.1703000000000003,0.2578999999999998,-0.3930474526970337,-0.11706187687006808,-0.17727691159595116,-0.3640493012772821,-0.4787184553345414,-0.32923104454446905
0.4609999999999994,0.18049999999999988,0.3584999999999997,0.3953692623897321,0.15480293245411428,0.3074617799711909,-0.8356425784328563,-1.5318605618917174,-1.4097883792931964
0.4209999999999997,0.15889999999999993,0.42009999999999964,-0.12917909108603232,-0.048756668820832634,-0.12890293625948257,-0.7177442591439628,-1.3422041200234496,-1.1816900164177453
0.2694,0.22889999999999988,0.5017000000000001,-0.4748035051539735,-0.40342435905621565,-0.8842201875862977,-0.4819476205661756,-0.7552408615952477,-0.9244943975653481
0.30939999999999984,0.2699,0.42069999999999974,0.41749796370749365,0.36419748029945886,0.5676838827787413,-0.01035434341060139,-0.13573192701735395,0.0034756978941083323
0.3000000000000002,0.16840000000000024,0.5316000000000007,0.13296122031748364,0.07463556500488087,0.23560728240258116,-0.3640493012772821,-0.6352018922830159,-0.6077625585038805
0.5113999999999997,0.21970000000000006,0.26890000000000003,0.41569040691167486,0.17858267969983385,0.21857479549970557,-0.9535408977217499,-1.625294712184213,-1.6356151789698898
0.5514,0.1889000000000002,0.2596999999999999,0.01514465489110504,0.005188293995157318,0.007132874274972755,-0.7177442591439628,-0.9855178462101684,-1.084804751746317
0.37940000000000046,0.19930000000000014,0.4212999999999997,-0.6605408283613472,-0.34698415153509865,-0.7334893278561808,-0.2461509819883885,-0.8617848295139039,-0.30891466940711476
0.5009000000000002,0.23830000000000046,0.26079999999999975,-0.1547979487539864,-0.07364414291889601,-0.08059753450796485,-0.4819476205661756,-0.9129565999611435,-0.7088273185689009
0.5829000000000011,0.17020000000000016,0.24690000000000023,0.8600161136761527,0.25111467240981483,0.3642785700234035,-0.5998459398550692,-0.5727793853641299,-0.8152592756030145
0.3101999999999997,0.17879999999999993,0.5109999999999996,-0.09277081110736624,-0.05347331085105446,-0.1528236121078793,-0.8356425784328563,-1.7174715033880132,-1.548810874457972
0.43040000000000084,0.23940000000000047,0.33020000000000044,0.2376898615268146,0.13220946294033323,0.18235407127359232,0.22544229516718572,0.7784839593774296,0.62965478722869
0.4402000000000004,0.19990000000000013,0.3598999999999998,0.3667906189485172,0.16656393622855195,0.2998817441153365,-0.3640493012772821,-0.29886208410761533,-0.5045090297091999
0.4912000000000006,0.18950000000000028,0.3193000000000001,0.8734786785764388,0.33697925405178175,0.5677967061674606,-0.4819476205661756,-0.759344956735532,-0.6894902087521501
0.45040000000000024,0.17919999999999991,0.37039999999999984,0.4511372482300207,0.17949332789258354,0.37100629827797404,-0.8356425784328563,-1.323787533305021,-1.4200707976667242
0.4097999999999996,0.17899999999999988,0.41119999999999945,-0.1759384354963383,-0.07684963385516,-0.17653949408514955,-0.5998459398550692,-0.8279168314651353,-0.9758983093456467
0.37990000000000046,0.21019999999999983,0.40989999999999954,-0.13359346786659893,-0.07391773347080556,-0.1441430968110523,-0.9535408977217499,-1.6476218988276072,-1.7463243216287725
0.5216999999999997,0.18930000000000027,0.2890000000000004,0.2761611387625197,0.10020568059755622,0.15298173107603671,-0.2461509819883885,-0.06030931606188117,-0.1750382329533146
0.38940000000000025,0.18960000000000035,0.4209999999999995,-0.5311924181196522,-0.2586391434912331,-0.5742989420348567,-0.7177442591439628,-1.1687625369302959,-1.2363971869022896
0.5329000000000005,0.18870000000000026,0.27840000000000015,-0.40849706361704613,-0.1446488945478263,-0.21340886190839858,-0.2461509819883885,-0.34069769133457994,-0.14992135896163905
0.5010000000000002,0.1999000000000001,0.2991000000000002,-0.29511359712081886,-0.11775091430030278,-0.17618458462841705,-0.7177442591439628,-1.2581602503992924,-1.1399278524150367
0.2489000000000002,0.23009999999999986,0.5209999999999997,0.08282879556077745,0.07657254262167483,0.17337807347193648,-0.4819476205661756,-1.0010524307948114,-0.9556187123973373
0.6496000000000003,0.19100000000000025,0.15940000000000012,-0.46633174188488513,-0.13711416671800053,-0.11442930981596477,-0.8356425784328563,-0.9904185498454521,-1.2158284202152676
0.3902000000000003,0.18890000000000026,0.4208999999999997,-0.7492231173040538,-0.362706937105935,-0.8081701949597021,-0.2461509819883885,0.06113619529157477,-0.28602561797609394
0.37069999999999975,0.1891000000000003,0.4402000000000004,0.2981554421007155,0.1520938605374843,0.35405456059545504,-0.5998459398550692,-1.1023080375241474,-1.0337443884701538
0.1867000000000002,0.09980000000000007,0.7134999999999995,-0.08803830435863325,-0.04706064689336687,-0.33645061681780775,-1.189337536299537,-2.103428326117169,-2.3013881408854147
0.5716000000000002,0.17809999999999995,0.25030000000000024,-0.7864302968673329,-0.2450371516306366,-0.3443728189396318,-0.5998459398550692,-0.9337628057608703,-0.8018832650598009
0.19870000000000018,0.21990000000000004,0.5814000000000011,0.19100214449560762,0.21138083328930088,0.5588759275779889,-0.2461509819883885,-0.7663266199387357,-0.5244986075268889
0.29910000000000014,0.20979999999999982,0.49110000000000054,0.3698087292457628,0.25939776461304226,0.6071984852310071,-0.12825266269949495,-0.4404827342155134,-0.18190629575132927
0.27920000000000006,0.15849999999999995,0.5623000000000001,-0.10371623747870458,-0.05887902449990927,-0.2088812332889527,-0.4819476205661756,-1.0116504955276289,-0.8505553680808939
0.42099999999999965,0.20949999999999974,0.36949999999999966,-0.34979758374039355,-0.1740679187496732,-0.3070076180334333,-0.5998459398550692,-0.8523057248893693,-0.9920213989994752
0.22969999999999985,0.14900000000000008,0.6212999999999992,0.10567536014354396,0.06854866635345262,0.28583413694899357,-0.8356425784328563,-1.840663959441123,-1.6024244964057963
0.46229999999999954,0.2086999999999998,0.32900000000000024,-0.8674873826538624,-0.3916171679858557,-0.6173552863792369,-0.7177442591439628,-1.256399838563179,-1.176324488861808
0.29950000000000027,0.19990000000000013,0.5006000000000002,-0.3658992795445553,-0.2442179164639619,-0.6115832365275602,-1.0714392170106435,-1.7637561675920213,-2.0481721574843568
0.43050000000000066,0.19980000000000014,0.36969999999999964,0.11174344655070015,0.051861418399140234,0.09596179370451507,-0.4819476205661756,-0.9801384474622925,-0.7453897251657183
0.45190000000000013,0.11910000000000025,0.42900000000000066,0.617653402966677,0.16278495307220928,0.5863538611920885,-1.0714392170106435,-1.5308027821214196,-1.8340109193223961
0.2893000000000003,0.15849999999999992,0.5521999999999998,0.08988295312404156,0.04924454915368325,0.17156365957516656,-0.9535408977217499,-2.0080113575633898,-1.7887025402379002
0.28890000000000055,0.24990000000000015,0.46119999999999955,-0.006539690496353462,-0.0056568662341250535,-0.010439962813839418,-0.2461509819883885,-0.11389601273205613,-0.46177310400753624
0.4926000000000004,0.15889999999999996,0.34850000000000025,0.18086542669525324,0.0583425016278435,0.12795696549593127,-0.4819476205661756,-0.7194409513284351,-0.6440440771011497
0.46969999999999956,0.19920000000000015,0.3311000000000004,0.14509653821449947,0.06153551290680933,0.1022811662823523,-0.3640493012772821,-0.4077132428294543,-0.4702730325960353
0.5315000000000007,0.23880000000000037,0.22969999999999988,-0.11605756162792055,-0.05214401828174493,-0.05015695560852926,-0.4819476205661756,-0.5366122867555982,-0.6796278724118633
0.2571999999999999,0.21019999999999983,0.5326000000000006,-0.3685839303255674,-0.30122994616809584,-0.7632496162184974,-0.7177442591439628,-1.5329721579197075,-1.3921811465075438
0.5515999999999998,0.13900000000000004,0.3093999999999998,0.2737367850175031,0.06898008179375083,0.1535427144387517,-0.4819476205661756,-0.6059841567155522,-0.5673125911747814
0.4609999999999996,0.18930000000000033,0.34970000000000023,0.6847733202197602,0.2811878297561843,0.5194473537545564,-0.12825266269949495,-0.03279241794420322,-0.006960995636741019
0.42069999999999974,0.2398000000000005,0.3395000000000005,0.6097490575447468,0.34755841216836386,0.4920603875361112,-0.4819476205661756,-0.49400987828623427,-0.8045836722060669
0.3807000000000006,0.21980000000000005,0.3995000000000002,-0.06823288569096987,-0.03939476825551657,-0.07160241091027694,-0.7177442591439628,-1.1970394302803722,-1.2839629888405855
0.5110999999999996,0.18970000000000029,0.2992000000000003,0.6611844665608315,0.24540538702130707,0.38706005164351626,-0.7177442591439628,-1.3809600515481992,-1.1382531553461162
0.4094999999999996,0.24010000000000048,0.35040000000000027,-0.020301547628496452,-0.01190330057534069,-0.017371580681380144,-0.12825266269949495,-0.2333782410991234,-0.0955489505799953
0.4405000000000004,0.2996000000000002,0.2598999999999998,-0.10135678265774052,-0.06893641789843144,-0.0598016522423308,-0.2461509819883885,-0.24630499619281387,-0.3589878401749302
0.4614999999999996,0.20979999999999993,0.32870000000000016,-0.3124941799559099,-0.14206127617497277,-0.2225716943694642,-0.2461509819883885,0.03121770114462699,-0.24406953597762387
0.3403000000000007,0.18940000000000023,0.47029999999999966,-0.5442143240266248,-0.3028921333254266,-0.7521128315889537,-0.8356425784328563,-1.6339325306193975,-1.521237817320929
0.4622999999999996,0.1584,0.37930000000000064,0.36664220581906753,0.12562432490101744,0.30081632850351003,-0.9535408977217499,-1.8268147032159294,-1.622016399882109
0.44150000000000034,0.23910000000000042,0.31939999999999996,0.007865848881542424,0.004259851568690364,0.005690491806941446,-0.12825266269949495,-0.43159071558485307,-0.06325258704879491
0.4509000000000001,0.2288999999999999,0.3201999999999998,0.2967298081613209,0.15063529183438967,0.2107183068823572,-0.4819476205661756,-0.5454894674848548,-0.7577924886216753
0.2899000000000005,0.2698000000000001,0.44030000000000036,0.3280860688869208,0.305338466318355,0.49829698561887237,-0.4819476205661756,-0.8121929289205679,-0.9589370292179088
0.43060000000000054,0.24020000000000036,0.32920000000000027,0.83280334359527,0.4645595985406036,0.6366903407142656,-0.5998459398550692,-1.441582653225734,-1.0356011855248302
0.40100000000000025,0.24970000000000017,0.3493000000000002,0.2998328203785837,0.18670387842526776,0.26117607022004813,-0.3640493012772821,-0.42794617722328177,-0.5920018578548644
0.5116999999999995,0.26990000000000003,0.21839999999999998,-0.13840495664300115,-0.07300273167470403,-0.05907297739072011,0.22544229516718572,0.5489126281295565,0.6871343790863689
0.5616000000000002,0.15829999999999997,0.2801,0.42361089772648863,0.11940456750374487,0.21127744382690428,-0.7177442591439628,-1.3478683749945126,-1.052058732175226
0.2505000000000001,0.2795,0.4699999999999996,0.07828006217900235,0.08734242466679101,0.1468727713538166,-0.4819476205661756,-1.0565474119034128,-1.0034329016747583
0.45120000000000027,0.1888000000000002,0.3599999999999997,-0.14342225275227927,-0.060013566754499856,-0.11443264847256308,-0.4819476205661756,-0.11229768635577375,-0.7089183932273642
0.4520000000000001,0.08849999999999991,0.4594999999999995,0.4085381572266073,0.07999032503220066,0.41531699833103053,-1.0714392170106435,-2.0443806535310975,-1.7992527423131819
0.38210000000000044,0.20959999999999987,0.40829999999999966,-0.20954741741519745,-0.11494671209166528,-0.22391575642665518,-0.12825266269949495,-0.0776203022235151,-0.08872959982588766
0.21580000000000005,0.2803,0.5039,-0.3435964789073551,-0.4462932948921762,-0.8023089236395562,-0.2461509819883885,-0.6111271464114493,-0.5596032855686238
0.4214999999999999,0.2901000000000004,0.28840000000000054,-0.3966484506880555,-0.27299576641661943,-0.2713959980508552,0.10754397587829218,0.31271981075498084,0.34576491334360904
0.3800000000000003,0.2804,0.33960000000000035,-0.19963094962875869,-0.14730662704185235,-0.17840702761559596,-0.12825266269949495,-0.2706953917641804,-0.16195530793835333
0.46999999999999964,0.23039999999999985,0.29960000000000014,-0.1358458357013633,-0.06659336286296619,-0.08659449441729468,-0.7177442591439628,-1.072541775617464,-1.2044299728207084
0.5433000000000001,0.15979999999999991,0.2969000000000002,-0.06849306447861912,-0.020145760544235832,-0.03742976411504147,-0.8356425784328563,-0.9548705793355733,-1.298264718528835
0.3598999999999997,0.18920000000000028,0.4509000000000002,-0.05852703635607945,-0.03076775570594681,-0.07332548122521883,-0.5998459398550692,-1.014381274237213,-1.0379844080513603
0.2284999999999999,0.3002000000000002,0.4712999999999997,-0.01859036151817702,-0.024423748480335874,-0.03834414609854192,-0.2461509819883885,-0.5187287213422358,-0.5720474465935259
0.38990000000000025,0.21940000000000004,0.3907000000000002,0.15515526410622563,0.08730716836344161,0.15547361294255538,-0.7177442591439628,-1.2738508464336298,-1.2785720315953342
0.2996000000000002,0.19870000000000024,0.5017000000000001,0.41970597734271486,0.27835640086113983,0.7028253966383177,-0.2461509819883885,-0.3340889233917548,-0.40738179665344876
0.47139999999999976,0.1985000000000002,0.3301000000000002,0.7484948065863706,0.3151807787598532,0.5241369021089546,-0.12825266269949495,0.233935269644977,-0.007093419980132493
0.622699999999999,0.19880000000000017,0.1784999999999999,-0.6507002033226434,-0.2077392009322978,-0.1865263952032953,-0.3640493012772821,-0.37958956724654774,-0.30197615401174005
0.36079999999999973,0.22939999999999988,0.40979999999999966,0.09755501352776372,0.06202638609553492,0.11080389285941676,-0.4819476205661756,-0.6595865146545771,-0.8440321741815593
0.3205999999999999,0.25949999999999973,0.4198999999999998,-0.3888934390338411,-0.3147780643458568,-0.5093460856216776,-0.12825266269949495,-0.11771194360444333,-0.19683317598613498
0.33070000000000027,0.2790000000000001,0.3903000000000001,-0.05840854641623325,-0.049277243574626754,-0.06893515472106387,-0.12825266269949495,-0.283320916200308,-0.21222061525869665
0.27990000000000004,0.2307999999999998,0.48930000000000057,-0.255534339062041,-0.2107085582548017,-0.44670579529495097,-0.3640493012772821,-0.7041099939275293,-0.6834737256812635
0.5934000000000005,0.26019999999999976,0.14640000000000006,0.5912897980009405,0.25927469740452386,0.14587938393552013,-0.7177442591439628,-0.5305255631731478,-1.1258291059437502
0.3107999999999997,0.18840000000000026,0.5008000000000002,0.14053753123528956,0.08519070426231859,0.2264517234318955,-0.5998459398550692,-1.3612960853696006,-1.0896041868933484
0.5314000000000006,0.2098999999999999,0.2586999999999999,0.06342767705142693,0.025053574356594825,0.03087832151525051,-0.2461509819883885,0.08244209162053756,-0.18187952428684867
0.3101999999999997,0.21960000000000007,0.4701999999999995,0.4719015298602224,0.3340734234600418,0.715306574275553,-0.7177442591439628,-1.2919457888468127,-1.363544571704903
0.26009999999999983,0.2201,0.5197999999999997,0.037299799734976706,0.03156357524670656,0.07454223722507071,-0.3640493012772821,-0.9212906758984895,-0.6975093971403789
0.3602999999999996,0.3007000000000002,0.33900000000000063,-0.2951159448108817,-0.24629854178360333,-0.27766945681623423,-0.12825266269949495,0.0901270377315389,-0.20018698798756518
0.37039999999999973,0.23960000000000048,0.3900000000000002,0.05665649790245179,0.03664928967987982,0.05965451992968743,-0.12825266269949495,0.23724730654377177,-0.13536011536276077
0.3202,0.2694000000000001,0.4103999999999995,-0.2099852525053657,-0.17667091513099795,-0.26913787516615234,-0.7177442591439628,-1.5364837430098957,-1.3913424198703914
0.3001000000000002,0.2295999999999998,0.47029999999999983,-0.24021289930979375,-0.18378167837896886,-0.376448272393855,-0.3640493012772821,-0.32670362142014586,-0.6623726865423704
0.5015000000000001,0.2602999999999998,0.23820000000000036,0.5217888272152222,0.27083077113483994,0.24783668722366123,0.10754397587829218,0.1717841047282358,0.4376448628455589
0.3710999999999997,0.25000000000000017,0.3789000000000005,0.32470726577993475,0.21874647384797574,0.33153215576399225,-0.4819476205661756,-0.8671697123140728,-0.8586177906459822
0.3717,0.2488000000000002,0.37950000000000034,0.2576626110225901,0.17246827447516938,0.2630695746114421,-0.5998459398550692,-0.8666860641907967,-1.0917840243549404
0.27990000000000004,0.22929999999999987,0.49080000000000057,-0.2928110058447394,-0.2398769690610886,-0.5134392342572285,-0.12825266269949495,-0.29610782212620695,-0.20892668618796764
0.2913000000000005,0.24820000000000028,0.4604999999999995,0.1312657308804481,0.1118439904034576,0.20751070741656774,-0.2461509819883885,-0.48827005251446415,-0.4600910424029602
0.46209999999999946,0.25020000000000014,0.2877000000000004,0.9850262058922762,0.5333338167371736,0.6132699403488608,-0.8356425784328563,-1.4007089379869644,-1.4897579145042474
0.24970000000000014,0.2803,0.4699999999999995,0.09991863053950156,0.11216336459840717,0.18807271266946599,-0.3640493012772821,-0.46335124745630807,-0.7691902295104365
0.31839999999999974,0.19940000000000013,0.48220000000000085,0.2464593863755676,0.1543467388294229,0.373249736527321,-0.12825266269949495,-0.3889883266655916,-0.15018221863028208
0.3111999999999997,0.3095999999999997,0.3792000000000004,-0.0917683032701407,-0.09129648680088547,-0.11182050321348787,0.22544229516718572,0.6358633754391261,0.4468977061789365
0.5217999999999999,0.19890000000000016,0.27929999999999994,-0.5930027447520033,-0.2260410999064269,-0.31741216291535934,-0.7177442591439628,-1.2294968517473088,-1.112401741378682
0.2600999999999998,0.2692,0.4706999999999997,-0.11043384749616184,-0.11429754612059512,-0.19985087280447283,-0.3640493012772821,-0.903374954551312,-0.7441974280988438
0.32960000000000045,0.21069999999999983,0.45969999999999966,0.08452751537155911,0.05403503485675809,0.1178922900980147,-0.7177442591439628,-1.649431073821551,-1.3284607261715426
0.3309000000000005,0.3207999999999999,0.34830000000000033,0.5682182914905483,0.5508746688128364,0.5980974038264063,-0.12825266269949495,-0.20188465771432307,-0.2651017449984421
0.3101999999999997,0.26970000000000005,0.42009999999999964,0.024885974494922965,0.0216368385598992,0.033702765587740616,-0.4819476205661756,-1.1258027970065179,-0.9333769139581077
0.4824000000000008,0.2491000000000002,0.2685,0.5354669295959636,0.27650251277436655,0.29803663058979274,-0.3640493012772821,-0.38750014422393564,-0.5151421579709625
0.37019999999999975,0.1991000000000002,0.4307000000000007,0.6663063594447546,0.3583511511762584,0.7751975932275971,-0.5998459398550692,-1.3826931937333025,-1.0510651946155085
0.35110000000000013,0.25979999999999975,0.3891000000000003,-0.08465103101483387,-0.06263838751823927,-0.09381291987431464,-0.5998459398550692,-1.3167778353825608,-1.1169991115958091
0.15919999999999998,0.25929999999999986,0.581500000000001,-0.10054614077635443,-0.16376642150319531,-0.367258673752828,0.10754397587829218,0.26828776376073354,0.1096826212911571
0.30020000000000013,0.2697,0.4301000000000008,-0.30884530439303365,-0.27746695068221566,-0.4424862272466488,-0.2461509819883885,-0.34338839789794023,-0.46505989318022595
0.5208999999999998,0.22979999999999987,0.24930000000000022,0.3260681089534275,0.1438480542090567,0.15605448178554346,-0.8356425784328563,-1.8777136940845836,-1.3983568152181551
0.24940000000000018,0.24960000000000013,0.5010000000000002,0.5955386768283212,0.5960162539548874,1.1963307020488725,0.22544229516718572,0.4909570968431356,0.433964178662397
0.6027000000000002,0.19950000000000012,0.19780000000000014,-0.4229816472190911,-0.14001134664046572,-0.13881826749616102,-0.5998459398550692,-0.725545899730282,-0.7995236581830718
0.33900000000000075,0.24090000000000045,0.4200999999999997,-0.31663610369378453,-0.2250077798815123,-0.392385920831146,-0.4819476205661756,-0.6846292371459537,-0.8697067151588829
0.6035000000000003,0.20070000000000013,0.19580000000000017,-0.18763749991493303,-0.06240073940832986,-0.0608772534935276,-0.3640493012772821,-0.5704625281153355,-0.33219751300773126
0.38990000000000014,0.2509000000000001,0.3591999999999997,0.12126877554597278,0.07803625489737002,0.11172029796387116,0.10754397587829218,0.44826697401101123,0.34390005672316554
0.3509000000000002,0.22959999999999983,0.41949999999999976,0.15613411253155315,0.10216127739311644,0.18665790882583777,-0.3640493012772821,-0.5228134386595286,-0.6189397054283519
0.45190000000000013,0.2685,0.2796000000000001,0.06530593346887721,0.03880204278909831,0.04040614958596608,-0.2461509819883885,-0.041543907952055315,-0.3196539573180831
0.5526999999999999,0.23850000000000043,0.20879999999999982,0.3374786300112569,0.1456281043200379,0.12749328378207056,-0.3640493012772821,-0.20946888223787807,-0.43091816445537484
0.5002000000000003,0.23029999999999984,0.26949999999999996,0.3752889404154373,0.1727889703672033,0.20219985894034442,-0.4819476205661756,-0.5602321179137228,-0.7117676893031006
0.3299000000000004,0.2899000000000006,0.38020000000000054,-0.36757760832000563,-0.3230092411396475,-0.42362233004930633,-0.01035434341060139,-0.166446633385327,0.017801247877858237
0.29070000000000035,0.3092999999999998,0.4000000000000003,-0.16786101399592418,-0.17860134719277349,-0.23097490745913188,0.10754397587829218,0.07838358623375842,0.19190331035752228
0.4802000000000009,0.2802,0.23960000000000048,0.1718948879079557,0.10030184837944418,0.08576846135515657,-0.12825266269949495,0.023710176142919703,-0.06908593769273069
0.25959999999999983,0.25909999999999983,0.4813000000000009,-0.38847910339761393,-0.3877308770813628,-0.7202426520233901,-0.3640493012772821,-0.8327826035057895,-0.7298743772959493
0.3294000000000003,0.16960000000000022,0.5010000000000002,-0.5009498363739884,-0.2579268131421629,-0.7619182392937708,-0.8356425784328563,-1.6650323113763603,-1.5130743111077494
0.3904000000000002,0.20959999999999984,0.4000000000000002,0.46160636878730993,0.2478296488161374,0.4729573450689651,-0.12825266269949495,-0.42825044130006973,-0.09298632765593895
0.1489000000000001,0.26019999999999976,0.5909000000000008,0.07295278481751774,0.1274836441203364,0.2895083985807338,-0.12825266269949495,-0.5810056187885516,-0.37620264373803797
0.3400000000000005,0.32049999999999984,0.33950000000000063,0.07171270624727488,0.06759977162426928,0.07160724638514657,-0.2461509819883885,-0.35467145880807693,-0.4830824236527786
0.5201999999999997,0.3104999999999997,0.1693000000000003,-0.18178182319114178,-0.108502991351114,-0.05916121235344171,-0.2461509819883885,-0.02432904559038418,-0.2890404090361333
0.3192999999999998,0.26840000000000014,0.41229999999999944,0.11815918678766049,0.09932328760979678,0.15257448391027995,-0.12825266269949495,0.05318762596257598,-0.21609409724795486
0.46019999999999955,0.2994000000000002,0.2404000000000005,-0.0033258598823217187,-0.0021637602102718913,-0.0017373679176665442,-0.2461509819883885,-0.34684229744167633,-0.3410486076848347
0.45090000000000013,0.19920000000000018,0.3499000000000002,0.5119460155499341,0.22616909802072954,0.39727192468601025,-0.3640493012772821,-0.21531551252974696,-0.49596628738910353
0.23900000000000046,0.2595999999999998,0.5014000000000002,-0.45252514042522146,-0.49152939939074125,-0.9493560895782664,-0.3640493012772821,-0.1551165361182627,-0.7499761596839161
0.4202999999999997,0.19880000000000017,0.38090000000000046,0.12077042597514567,0.0571238655338068,0.10944909648806347,-0.7177442591439628,-1.1221005621817866,-1.2270924409245432
0.4116999999999997,0.1994000000000001,0.3889000000000002,0.09436543067903455,0.04570431595190555,0.08913946075073254,-0.7177442591439628,-1.2578613439568413,-1.2357411447522462
0.2103999999999998,0.3094999999999997,0.4801000000000009,-0.40119454152959727,-0.5901602214990986,-0.9154634001347918,-0.01035434341060139,-0.38383476138726613,-0.1210132857315904
0.31979999999999986,0.2489000000000002,0.4313000000000006,0.23736758880477452,0.18474294200596764,0.3201270827126312,-0.12825266269949495,-0.04125997554021105,-0.19819728234116496
0.3712999999999999,0.2996000000000002,0.32910000000000034,-0.07883273280401129,-0.06360971383808726,-0.06987302010719135,0.10754397587829218,0.06241650180274014,0.2803161954717692
0.19700000000000015,0.23079999999999998,0.5721999999999999,-0.0006297681770998329,-0.0007378197729677224,-0.0018292048270889547,-0.8356425784328563,-1.5560424580452201,-1.7151343715161453
0.32009999999999983,0.1892000000000003,0.4907000000000006,0.6153935796319927,0.36373778589932293,0.9433727882706008,-0.9535408977217499,-1.82218869319914,-1.7983096915844834
0.3094999999999999,0.24010000000000045,0.4504000000000002,0.07996531970916047,0.06203448549973982,0.116369563802927,-0.5998459398550692,-1.3521030096156719,-1.1415977718943617
0.5433000000000003,0.28019999999999995,0.17649999999999996,0.2881559745603066,0.14861274447229494,0.09361223911263404,-0.3640493012772821,-0.6016903524923503,-0.48105024993873413
0.47129999999999983,0.1893000000000003,0.33940000000000053,0.03508568370339784,0.014092340176221565,0.025266456713204433,-0.4819476205661756,-0.45139915079127946,-0.6928482857812508
0.3904000000000002,0.2293999999999998,0.38020000000000065,0.0011669316765957026,0.0006856919226717567,0.0011364431952912057,-0.7177442591439628,-1.1405636685464342,-1.2852216357586486
0.31019999999999964,0.27930000000000005,0.4104999999999996,0.2058750455275635,0.18536718315876388,0.272442637617875,0.10754397587829218,-0.011725530806808715,0.23479890100884349
0.2197000000000001,0.26920000000000005,0.5110999999999996,0.1915832320647774,0.23474832076394203,0.44569044109379885,-0.12825266269949495,-0.47385566839117566,-0.31690386874784854
0.30829999999999974,0.1496000000000001,0.5421000000000002,0.3103806110554519,0.1506095991368656,0.5457584471396714,-0.7177442591439628,-1.0299933329910336,-1.292468200657308
0.21989999999999996,0.36939999999999973,0.4106999999999996,0.09217822685372354,0.15484600727496797,0.1721582436053853,0.10754397587829218,-0.04197966975430703,0.056925139398894486
0.6528999999999998,0.18980000000000027,0.15730000000000002,0.3944738287074685,0.11467473225406287,0.0950386479639835,-0.2461509819883885,-0.38731250384366656,-0.04755549857807473
0.46189999999999953,0.19850000000000012,0.3396000000000007,-0.08289198718895954,-0.035622557819892826,-0.06094418456239608,-0.9535408977217499,-1.6805789781580054,-1.6539426314504726
0.3087999999999998,0.3511000000000002,0.34010000000000046,-0.07574398337517979,-0.0861195355020261,-0.08342140137920563,0.4612389337449729,0.7423081449328326,0.8750425788102938
0.5480000000000002,0.2943000000000004,0.1577000000000001,0.5905066339686165,0.3171279240455548,0.16993229229352344,0.22544229516718572,0.8229548133955976,0.684592474962588
0.21930000000000002,0.25979999999999986,0.5208999999999998,0.510632534784569,0.6049353968856861,1.2128977992215317,-0.3640493012772821,-0.7119986394506252,-0.7853842725922648
0.34080000000000066,0.36979999999999974,0.2894000000000005,-0.5580220594028965,-0.6055063308896437,-0.473860281664314,-0.01035434341060139,-0.04807069969981566,-0.047996131222312347
0.5509999999999999,0.23049999999999982,0.21850000000000003,-0.018947471931721985,-0.007926301779059737,-0.00751365266257941,-0.4819476205661756,-0.45640736580246877,-0.6538110450185628
0.5920000000000007,0.21950000000000003,0.18850000000000022,0.36778247435683586,0.13636529243467124,0.11710641286531005,-0.7177442591439628,-0.831013266940617,-1.0820527282724002
0.10830000000000008,0.3206999999999998,0.5710000000000001,-0.2537051727683497,-0.7512765365356384,-1.3376329976983157,0.4612389337449729,0.46542353381337337,0.707189289824205
0.41169999999999957,0.3097999999999998,0.2784999999999999,0.01418985656286298,0.010677720580944747,0.009598919244006176,-0.12825266269949495,0.07259205933782242,-0.16383193940751012
0.3820000000000003,0.21869999999999995,0.39930000000000015,0.44239264822045615,0.25327558158589963,0.462427707943529,-0.4819476205661756,-0.6438073109726179,-0.8186560840042723
0.4106999999999995,0.2495000000000001,0.33980000000000077,-0.5137139714917712,-0.31208092497491385,-0.42503045413417206,-0.8356425784328563,-1.5929399030509706,-1.5117050183664253
0.5015000000000002,0.2595999999999997,0.2389000000000004,0.11050676087676004,0.057203499747969816,0.05264220373570889,-0.4819476205661756,-0.7233363927148078,-0.7346994081874377
0.24860000000000018,0.26009999999999966,0.4913000000000005,-0.165592666980518,-0.17325282655523994,-0.3272553390487873,-0.4819476205661756,-1.0352889332287292,-0.9818200796793478
0.47139999999999976,0.3001000000000002,0.22849999999999984,-0.39906908646233347,-0.2540531031975953,-0.1934393005020008,-0.3640493012772821,-0.7639394093364291,-0.5592476483383534
0.36029999999999973,0.18970000000000026,0.45000000000000034,0.27599320525817694,0.14531199288780539,0.34470425302853125,-0.4819476205661756,-0.6583331742513825,-0.8080520526179177
0.26860000000000006,0.2809000000000002,0.4505000000000002,-0.0715838712834267,-0.07486191155441017,-0.12006155626650684,-0.4819476205661756,-1.3752749799685735,-0.9843102631457262
0.29900000000000015,0.22959999999999983,0.4713999999999998,-0.22600952146192319,-0.17355112417276755,-0.35632404152893143,-0.2461509819883885,-0.1098649544421047,-0.4275221384969428
0.46199999999999947,0.32970000000000027,0.20829999999999987,0.021536255943916317,0.015369055378158492,0.0097099612838047,0.22544229516718572,0.3745376832026146,0.5747092736224497
0.4418000000000002,0.21929999999999997,0.3389000000000004,0.29377752247983335,0.14582483177869493,0.22535355900501497,-0.4819476205661756,-0.665899662232172,-0.7571558710228123
0.18950000000000022,0.3097999999999997,0.5007000000000001,0.21982427619123734,0.35937499083928853,0.5808232986224403,0.10754397587829218,0.6989496210371628,0.08457199590352374
0.2690999999999999,0.3104999999999998,0.4203999999999999,0.12306195351357908,0.14199456174643735,0.192252862345257,0.22544229516718572,0.23767584669767478,0.40041921362094246
0.2894000000000004,0.3001000000000002,0.4104999999999995,-0.07409109080971032,-0.07683046424324137,-0.10509465368827231,0.10754397587829218,-0.01970019158137304,0.1982009031355245
0.4714999999999995,0.23910000000000045,0.2894000000000005,0.6209990329712982,0.31491170473687774,0.3811603820612815,0.10754397587829218,0.25311337118967203,0.4272153808168941
0.35050000000000026,0.26859999999999995,0.38090000000000046,-0.33323604955879577,-0.2553700511026889,-0.36213869123236914,-0.3640493012772821,-0.841160710793889,-0.6494939987839015
0.3611999999999998,0.22959999999999983,0.4091999999999996,0.05087781019667792,0.03234093361339216,0.0576389809869341,-0.2461509819883885,-0.5578149456956332,-0.37058039872644755
0.2690000000000002,0.3597999999999996,0.3711999999999997,0.13874411030129802,0.18557669474500724,0.1914565566685567,0.3433406144560793,0.26867678044226284,0.5868796954119856
0.06930000000000001,0.37019999999999975,0.5605,-0.07281443891186909,-0.38897410223916185,-0.5889248630606438,0.22544229516718572,0.1534767768725169,0.14414998508128785
0.38070000000000054,0.21900000000000006,0.4003000000000001,-0.7115336054549365,-0.40931405199535303,-0.7481662786015517,-0.2461509819883885,-0.010338355971359736,-0.3264233916507526
0.2897000000000005,0.29030000000000056,0.4199999999999998,-0.034839106133657156,-0.03491126168657464,-0.0505088870422367,-0.2461509819883885,-0.5672235049442506,-0.5009588958767337
0.43130000000000074,0.2696000000000001,0.29910000000000014,0.11827649150541278,0.07393309091087236,0.08202295063591217,0.10754397587829218,0.39003307624018096,0.36636127608635394
0.45130000000000026,0.27040000000000014,0.2783000000000001,-0.12674335043513488,-0.07593929084347545,-0.07815793136737875,0.10754397587829218,0.0671175405739528,0.3900956069180635
0.32980000000000037,0.25899999999999984,0.4111999999999996,0.33542718974828595,0.2634191696325225,0.41821607163279234,-0.4819476205661756,-1.0283272450090841,-0.9087534098116494
0.4988000000000003,0.26259999999999994,0.23860000000000026,0.04497383070360404,0.023677080879643972,0.021513143556294967,-0.01035434341060139,0.3201994978232969,0.2056719685857314
0.4202999999999999,0.20989999999999986,0.36979999999999996,-0.5818954910485059,-0.29060162638848763,-0.5119794256239294,-0.9535408977217499,-1.6271343215353482,-1.6973307688401045
0.3000000000000002,0.25949999999999973,0.44050000000000034,0.13740026299208027,0.11885122748814922,0.20174938616003787,-0.12825266269949495,0.008246074330219066,-0.22668193970546907
0.19730000000000017,0.2705,0.5322000000000008,-0.0493836750854399,-0.06770544404770139,-0.13320827106168845,-0.5998459398550692,-1.2093272950900222,-1.2814644562230284
0.4006000000000002,0.24830000000000024,0.3511000000000002,0.11310906202335878,0.07010728931702447,0.09913278002097173,-0.2461509819883885,-0.4050270077073185,-0.3513085733287905
0.38120000000000054,0.26930000000000004,0.3495000000000003,0.20983366997516634,0.1482376897279964,0.19238422784973924,-0.12825266269949495,-0.20003533652000227,-0.15720756465721386
0.6734000000000007,0.2397000000000004,0.08689999999999991,0.10021628927249845,0.03567247481232239,0.012932574306177752,-0.4819476205661756,-0.46772682796528675,-0.5436726657365692
0.3705,0.24920000000000025,0.3803000000000004,0.02620877675131075,0.01762814349912725,0.026902018349591064,-0.12825266269949495,-0.313607521595345,-0.14431603750494143
0.46359999999999957,0.23940000000000045,0.29700000000000026,-0.2798001614455751,-0.14448696861533836,-0.17925075053782563,-0.5998459398550692,-1.2141729567977309,-0.9808639075125676
0.2794000000000001,0.30939999999999973,0.4111999999999995,-0.030860283215018547,-0.03417384261534262,-0.045417854180442405,-0.4819476205661756,-0.9341583800559232,-1.0028096905237007
0.22,0.27980000000000016,0.5002000000000002,-0.25020204580461486,-0.3182115109824149,-0.5688684695975836,0.22544229516718572,0.4021529420249899,0.3884205102378485
0.40080000000000016,0.29040000000000066,0.30879999999999974,-0.3035941317937794,-0.21996940088052322,-0.23390685603273195,-0.12825266269949495,-0.21874151592163021,-0.1493175360104193
0.2894000000000005,0.2493000000000002,0.46129999999999954,0.2772302400843605,0.2388165129683172,0.44190155408056375,-0.4819476205661756,-1.0138725841418903,-0.9380219639373626
0.42189999999999994,0.3602999999999997,0.21780000000000008,0.24982067850149628,0.21334531989592093,0.12896644649828376,-0.3640493012772821,-0.6093117098352311,-0.6810798575915121
0.47129999999999966,0.32089999999999985,0.20779999999999993,-0.2555284491700278,-0.17398489144634405,-0.11266456978046212,-0.12825266269949495,-0.21355412070801058,-0.11053669917059392
0.35020000000000023,0.26880000000000004,0.38100000000000056,0.19136891220002855,0.1468873889188111,0.20819975884697584,-0.3640493012772821,-0.6382697504623269,-0.6595351923083657
0.02820000000000005,0.2797000000000001,0.6921000000000008,0.06479534771495647,0.642668750208273,1.5902432678553668,-0.4819476205661756,-1.1316181301530994,-1.2218123765588433
0.4116999999999995,0.3401000000000007,0.24820000000000025,0.6444241894945218,0.5323504174085197,0.388501539549528,0.5791372530338664,1.4297883434211074,1.2112582075560314
0.31969999999999993,0.25959999999999983,0.4206999999999997,0.3081448217823661,0.25021706516954084,0.40549429628977585,0.22544229516718572,0.3862065967620797,0.49832197803881173
0.552,0.24020000000000044,0.2077999999999999,-0.16998491500470833,-0.07396807352197647,-0.06399069807604778,0.10754397587829218,0.6433785214601714,0.5214174133287877
0.3797000000000006,0.3003000000000002,0.31999999999999984,0.3817608896563681,0.3019299319563003,0.3217368572294905,0.10754397587829218,-0.011330258140715588,0.2794874464454374
0.3204999999999999,0.3699999999999997,0.30949999999999966,0.5786192377867149,0.6679847674916831,0.5587602311856104,-0.01035434341060139,0.01719931804171984,-0.0885906291052089
0.4019000000000001,0.2692,0.3289000000000004,0.3396533994009936,0.22750608389835147,0.27795969908680496,-0.01035434341060139,0.16530586311131618,0.09721761334833329
0.43130000000000085,0.22879999999999986,0.3399000000000006,0.151338789018144,0.08028359593635812,0.11926745742468614,-0.3640493012772821,-0.8869904257462446,-0.53819356988934
0.15929999999999991,0.2993000000000002,0.5414000000000001,0.1360100941924591,0.25554187816574425,0.4622464845938319,-0.12825266269949495,-0.046836741086072164,-0.40591762885851373
0.3098999999999997,0.25939999999999974,0.43070000000000075,0.06631883956071755,0.05551180052291105,0.09217013294224308,-0.4819476205661756,-0.6287473494485838,-0.9240914301491321
0.2286999999999998,0.3107999999999997,0.4604999999999996,-0.05219388968118262,-0.07093074295107807,-0.10509526103272669,-0.12825266269949495,-0.23040860411687042,-0.345728501295424
0.41009999999999946,0.3308000000000003,0.2590999999999998,0.6359195940621112,0.512953430177388,0.4017721697671131,-0.2461509819883885,-0.4399828396392258,-0.43424918437556964
0.48060000000000075,0.2488000000000002,0.27059999999999995,0.06068589372484138,0.03141625126662614,0.034168961385647206,-0.4819476205661756,-0.8772773456101028,-0.7436969953883481
0.48160000000000086,0.34050000000000075,0.17789999999999997,-0.36134603050704667,-0.25547824623681364,-0.13347894274751554,-0.12825266269949495,-0.3111580901169347,-0.11789588110598023
0.35909999999999975,0.26049999999999984,0.3804000000000003,-0.6238132926931975,-0.45252955373594533,-0.6608147494861952,-0.2461509819883885,0.14579261106545022,-0.3912776560384347
0.5404000000000003,0.2595999999999998,0.20000000000000018,-0.08530880902087527,-0.0409810636969267,-0.031572468179450516,-0.4819476205661756,-0.401944270197789,-0.6922117850288418
0.09700000000000003,0.3603999999999997,0.5426000000000003,0.03370316706320966,0.12522290112969844,0.18852926235564502,0.3433406144560793,0.24420531126963219,0.41729220306431414
0.22879999999999984,0.2588999999999998,0.5122999999999996,0.09018513817657073,0.10204952916920525,0.20193114636301218,-0.2461509819883885,-0.4264907794121511,-0.5321385932124465
0.5533000000000001,0.22000000000000008,0.22669999999999985,-0.8014375127822511,-0.31866302695119336,-0.32836776459016115,-0.3640493012772821,0.3915615168775978,-0.3894595028025515
0.5513999999999999,0.22060000000000007,0.22799999999999987,-0.7318435295421103,-0.2927905016630207,-0.3026121232056603,-0.2461509819883885,0.0002806072197093501,-0.15712270147885615
0.33000000000000035,0.26910000000000006,0.4009000000000001,0.17889483513021318,0.14588060646527373,0.2173301194051588,-0.01035434341060139,-0.05096946592125409,0.028938594734822062
0.3912000000000002,0.2891000000000004,0.3196999999999999,-0.24300230856436336,-0.17958069377801,-0.1985885430675534,0.22544229516718572,0.7554659134318278,0.5498855017655212
0.27090000000000003,0.4100999999999995,0.3189999999999998,-0.16761560656398813,-0.25374367018047783,-0.19737681245445615,0.3433406144560793,0.47495761555209426,0.5435304639527303
0.39060000000000017,0.37019999999999975,0.23920000000000044,0.18733787135181917,0.17755371217215407,0.11472406253803177,0.4612389337449729,1.107855179697619,0.9324835440637349
0.2491000000000002,0.3804000000000007,0.3704999999999997,0.20708903453891228,0.3162451575214866,0.3080148024755796,0.3433406144560793,0.6376235532666632,0.545393731192095
0.35160000000000013,0.3299000000000004,0.31849999999999984,-0.1383459733410226,-0.12980755575996417,-0.12532193546392395,0.3433406144560793,0.5229282302691654,0.703824169504624
0.37129999999999985,0.3306000000000003,0.2981000000000003,0.012239820600713462,0.010898154297322585,0.009826799141052217,-0.12825266269949495,-0.3741595265935517,-0.2248071998628055
0.4217999999999997,0.36969999999999975,0.20849999999999985,-0.2661229814207119,-0.23325193511436035,-0.13154727744480424,-0.3640493012772821,-1.093677613227418,-0.6809560451609229
0.1850000000000001,0.4211999999999995,0.3938000000000001,-0.09351547144695525,-0.21291198147814855,-0.1990615819233025,0.6970355723227599,1.373909292553289,1.1541060166658725
0.6323999999999993,0.24980000000000022,0.11780000000000024,-0.588519149171736,-0.23246692514721684,-0.10962611602218646,-0.01035434341060139,0.4523696661644099,0.36392854589495754
0.1672000000000002,0.30999999999999966,0.5228,-0.16277901155884505,-0.30180319128733163,-0.5089764787258618,0.10754397587829218,0.2136093187353312,0.06773730046155982
0.3801000000000006,0.2792,0.34070000000000067,0.02065658309915585,0.015173159698196013,0.018515385061516447,-0.12825266269949495,-0.4544626848908256,-0.16472074463112032
0.45180000000000015,0.3088999999999998,0.23930000000000048,-0.07503432710968463,-0.05130169022616547,-0.03974261725840541,-0.4819476205661756,-0.7813712410389159,-0.8299566738273385
0.5321000000000008,0.24960000000000016,0.21830000000000008,-0.23544701998143522,-0.11044460850848746,-0.09659478380369714,-0.3640493012772821,-0.060323363117959106,-0.45132642778262244
0.17969999999999992,0.2696,0.5507000000000001,-0.18784741982251874,-0.28182339668420187,-0.5756681919658383,-0.2461509819883885,-0.39244964367215807,-0.587475401296662
0.3202999999999999,0.32099999999999995,0.35869999999999974,0.37521425878532094,0.37603427121476124,0.4201977977717595,0.10754397587829218,0.9361149277854104,0.2000535401141375
0.28890000000000043,0.25979999999999975,0.4513000000000002,-0.3218462838678257,-0.2894277069880959,-0.5027664517464506,-0.4819476205661756,-0.6640443379202914,-0.9385976692250958
0.09480000000000001,0.2995000000000002,0.6057,0.20589096230737994,0.6504677553909318,1.3154868762613927,0.3433406144560793,0.6882987661661235,0.47474610070604284
0.38030000000000036,0.3207000000000001,0.2990000000000002,-0.8998738233502681,-0.7588470553469124,-0.7075000609564295,-0.01035434341060139,0.46237327530946704,0.0470425566749057
0.2489000000000002,0.28970000000000046,0.46139999999999953,-0.21201350606133657,-0.2467670257371203,-0.39302142103937526,-0.2461509819883885,-0.2838851781108638,-0.538016806846525
0.1855000000000001,0.34140000000000054,0.4731000000000001,0.0770688505786271,0.14183992230481574,0.1965567288881319,-0.4819476205661756,-0.9605851560064198,-1.1299109961552585
0.4615999999999997,0.2695,0.26890000000000003,0.39139332199887983,0.2285106158550654,0.22800187236893169,-0.12825266269949495,-0.013694043504975988,-0.0810384034920871
0.42099999999999965,0.26930000000000004,0.3096999999999997,-0.6106846932530471,-0.39063512563668823,-0.44923764726952176,-0.12825266269949495,-0.10218895843819915,-0.10225503407310282
0.41079999999999955,0.20859999999999987,0.38060000000000066,-0.0971192168838329,-0.049316135934682453,-0.0899794886708542,-0.4819476205661756,-0.7729951370396085,-0.7698483330135283
0.30939999999999973,0.40150000000000013,0.2891000000000004,-0.04747732540737667,-0.06161003927298564,-0.04436229726978871,0.5791372530338664,1.3844311096248805,1.060848118594302
0.45170000000000016,0.3508000000000002,0.19750000000000026,-0.6402173849900876,-0.49720668287474606,-0.2799267955181369,0.22544229516718572,0.6754816206434153,0.5558486260620409
0.28020000000000006,0.2998000000000002,0.4199999999999997,-0.3842488375884649,-0.4111270574911557,-0.5759618550576556,0.10754397587829218,0.1365683630918141,0.19467147929820527
0.34930000000000033,0.25060000000000016,0.4001000000000001,-0.25371263370105496,-0.18202229031057643,-0.2906110069962554,-0.4819476205661756,-0.8318320869025757,-0.8702958972529674
0.5321000000000007,0.3097999999999998,0.15809999999999994,0.10904136452534331,0.06348621448966603,0.03239887188772176,0.5791372530338664,1.4029511902956526,1.3712498672162499
0.5716000000000002,0.3404000000000008,0.0879999999999999,-0.020329203457797807,-0.012106474557442943,-0.0031297584049793633,0.10754397587829218,0.3801639834813289,0.43759950497661715
0.3708999999999999,0.3308000000000005,0.2983000000000003,0.20478429091031217,0.18264395641178588,0.16469979503517443,-0.3640493012772821,-0.6534852315187485,-0.7013253393265791
0.43040000000000084,0.2598999999999998,0.30969999999999975,0.5371323130348499,0.3243510412587293,0.3865006443933377,-0.4819476205661756,-0.8857251438627433,-0.8137254765976292
0.4210999999999997,0.21970000000000003,0.35919999999999974,0.3225552358758041,0.1682863579242798,0.27514091837233157,-0.5998459398550692,-1.3132738511553714,-1.0148436980335491
0.4308000000000009,0.3004000000000002,0.2688,-0.5168764127701401,-0.36042171401149,-0.32250784529390286,-0.5998459398550692,-1.4927964328726429,-1.0702099412320845
0.4710999999999997,0.3000000000000002,0.22889999999999985,0.00964933829277754,0.006144770723483901,0.00468846006201821,-0.2461509819883885,-0.36388004682026365,-0.331056944247599
0.4116999999999996,0.3097999999999997,0.27849999999999997,0.40027742972611585,0.301204633784675,0.27077304877027775,-0.4819476205661756,-1.0146751768786952,-0.8796422582064906
0.48140000000000094,0.3402000000000006,0.17839999999999992,0.23992742804222159,0.16955403203149932,0.08891369580958086,-0.01035434341060139,0.2536734161154647,0.10691001455235315
0.43120000000000075,0.3596999999999997,0.20909999999999984,0.5741917266905748,0.4789813638464732,0.2784403758140049,0.22544229516718572,0.528316093977701,0.503660240056115
0.3093999999999997,0.3405000000000007,0.3501000000000003,0.579121609836406,0.6373332519369646,0.6553021189519267,-0.2461509819883885,-0.4860066163599001,-0.5424279213732929
0.30959999999999976,0.36099999999999965,0.32940000000000036,-0.031307900964702935,-0.03650565971659483,-0.03331015044500377,-0.2461509819883885,-0.7030720539648301,-0.552050633192638
0.2595999999999997,0.3094999999999998,0.43090000000000067,-0.07476539361884939,-0.0891367077235512,-0.12410018532497027,-0.12825266269949495,-0.5180170244458896,-0.3132797120535409
0.48110000000000097,0.3303000000000004,0.18860000000000027,1.2726564333545014,0.8737443773373342,0.4989046005625833,-0.2461509819883885,-0.11280308541900325,-0.37562351819934436
0.4024000000000001,0.32840000000000036,0.2692000000000001,-0.1856628463748491,-0.15152007641525966,-0.12420586044758793,-0.12825266269949495,-0.25748592743631793,-0.18799909981631838
0.32070000000000004,0.3603999999999996,0.31889999999999985,-0.044538381850345754,-0.05005186410621949,-0.04428840028710712,0.10754397587829218,-0.08565683205562724,0.1684244315181268
0.37990000000000046,0.22949999999999987,0.3906000000000002,-0.2603531325528862,-0.1572809789968078,-0.26768605837103787,-0.3640493012772821,-0.9355556556268698,-0.5823191719102128
0.3797000000000006,0.27,0.35030000000000017,-0.05119075673828286,-0.03640111751207888,-0.04722707949807866,-0.2461509819883885,-0.6541212751226184,-0.3907735547503822
0.3400000000000007,0.38100000000000045,0.27899999999999997,0.20053671609992854,0.2247190848060962,0.16455806997611747,0.10754397587829218,0.5678146673753921,0.16261010630383554
0.10930000000000009,0.4101999999999995,0.4805000000000009,0.01356532470626413,0.05091030370091066,0.05963530211674219,0.5791372530338664,0.9777543732648074,0.852173898054778
0.2993000000000002,0.43090000000000067,0.26980000000000004,-0.09922671784885176,-0.14285597300725114,-0.08944660366060872,0.5791372530338664,1.3816790828662935,1.022232122323952
0.16830000000000014,0.4011000000000001,0.43060000000000054,-0.25587170286681316,-0.6098047535346328,-0.6546545172575745,0.4612389337449729,0.8582233996083343,0.6873927810340281
0.46229999999999943,0.30999999999999966,0.2276999999999999,-0.8303903016146983,-0.5568267218268581,-0.40899820825798605,-0.12825266269949495,-0.14960926956350507,-0.09763330233463105
0.37039999999999973,0.30989999999999973,0.3197,0.1711847782255089,0.14322398156610475,0.1477531684630001,0.10754397587829218,0.31104819620956403,0.26451924923906006
0.43090000000000056,0.3706999999999997,0.19840000000000013,0.8179088645624616,0.7036407892627149,0.37659113188487414,0.22544229516718572,0.8944919306373331,0.4877839000601611
0.27910000000000007,0.3603999999999996,0.3604999999999996,-0.2885784877402225,-0.37263950907049814,-0.3727429051606953,0.10754397587829218,-0.29210757954961103,0.1311815292051624
0.49040000000000056,0.3303000000000004,0.17929999999999993,-0.39268805256866446,-0.26448789511302995,-0.14357456734413016,-0.01035434341060139,0.2830842018944054,0.13789682670891917
0.3394000000000006,0.18950000000000025,0.4710999999999998,0.042736701533100205,0.023861534886630776,0.059320153483333714,-0.5998459398550692,-0.9584016186496244,-1.060529283510385
0.46239999999999953,0.2802000000000001,0.2573999999999999,0.10518132590206028,0.06373660795362744,0.0585503315034393,-0.12825266269949495,0.11910728058870101,-0.08549768968568175
0.38150000000000056,0.3808000000000005,0.2377000000000004,0.17204592753761158,0.1717302469366251,0.10719611264925369,0.3433406144560793,1.037592052765797,0.6769145362239591
0.3515000000000002,0.37980000000000047,0.26870000000000005,0.10441002037444767,0.11281628944015719,0.07981499992777832,0.3433406144560793,0.7848798694026925,0.6493511382338116
0.3423000000000006,0.37980000000000047,0.27790000000000004,0.0815452721728326,0.0904788033048256,0.06620342137548975,0.4612389337449729,0.7916585610550537,0.8768204926487959
0.35110000000000013,0.2693,0.37960000000000055,-0.08968584852765642,-0.06879065510822518,-0.09696595870435322,-0.4819476205661756,-0.745368227524065,-0.890227198861142
0.3201999999999999,0.3008000000000002,0.37900000000000056,-0.2704573889404203,-0.25407115113453627,-0.32012289321804965,-0.01035434341060139,0.04873214575102727,-0.004543914374547351
0.4129999999999996,0.3899000000000002,0.1971000000000001,0.6069597984467985,0.5730111995506225,0.28966531785439265,-0.01035434341060139,0.17484860218068396,-0.017595192259541127
0.43940000000000046,0.3702999999999998,0.19030000000000025,0.20550861867468517,0.17319035388082796,0.08900384645833546,-0.01035434341060139,-0.0688760523415025,0.03570728047087614
0.42099999999999976,0.28920000000000057,0.2898000000000005,-0.18970750352550744,-0.13031688840754607,-0.13058725539594343,0.10754397587829218,0.26124924592887233,0.3422805705333316
0.2388000000000004,0.3400000000000007,0.4211999999999998,-0.2499897207213965,-0.3559317631711677,-0.4409366430814572,-0.2461509819883885,-0.2657584539932816,-0.5979084536374991
0.3194,0.26990000000000003,0.4106999999999997,0.3991809084592487,0.33731661613384856,0.5132861587483197,0.5791372530338664,1.076259225709855,1.194685654827144
0.2792,0.29120000000000046,0.42960000000000054,-0.13086388691037665,-0.13648840927042172,-0.20135790048960558,-0.2461509819883885,-0.4916684254085179,-0.5106585735659933
0.2997000000000002,0.36009999999999975,0.34020000000000056,0.15274578483315124,0.18352938644784011,0.17338710710790156,0.4612389337449729,1.0074944502584582,0.8529948437345297
0.33990000000000076,0.36069999999999963,0.29940000000000017,0.06641969206449116,0.07048420984896112,0.05850560695530632,0.10754397587829218,0.05390444793174021,0.1852422209275583
0.2092999999999999,0.4099999999999996,0.3807000000000004,-0.17484720650131572,-0.3425100557359742,-0.3180331176065504,0.3433406144560793,0.18481752400924822,0.4822240026664006
0.22809999999999994,0.34090000000000065,0.43100000000000066,0.284763925293616,0.4255853666488115,0.5380677413483065,0.3433406144560793,0.8146601705385708,0.5629202738968478
0.24930000000000022,0.31929999999999986,0.4314000000000007,0.19219825293425208,0.24616487028442283,0.3325885532123402,0.5791372530338664,1.129187327123152,1.0794143269644523
0.5013000000000001,0.2696,0.22909999999999986,-0.2992289904397206,-0.1609258643976634,-0.13675117037650097,-0.4819476205661756,-0.863249768798339,-0.7370016853551933
0.3306000000000003,0.34020000000000067,0.32920000000000027,0.39373652484303645,0.4051698903557203,0.3920691590391034,-0.01035434341060139,0.2939937330264154,-0.04550191674825854
0.1991000000000002,0.31879999999999975,0.4821000000000009,-0.48877464215186694,-0.7826286083275485,-1.183517101865471,-0.2461509819883885,-0.9233701429364617,-0.6127897644197581
0.4425000000000003,0.3694999999999996,0.1880000000000002,-0.004996252553867435,-0.004172012019557094,-0.002122701650004696,0.22544229516718572,0.7054194312618303,0.5159481466732617
0.1272999999999999,0.40090000000000015,0.4717999999999998,-0.21387056633216375,-0.6735326790460686,-0.7926483361784359,0.5791372530338664,0.7889431667882278,0.8818735981617942
0.27960000000000007,0.35160000000000013,0.3687999999999996,0.4267673085476916,0.5366644695470972,0.5629176802302878,-0.5998459398550692,-1.2121088947979097,-1.2888974444009698
0.37099999999999983,0.3194999999999999,0.3094999999999998,0.18698701078732047,0.16103059284784071,0.1559905116945436,0.4612389337449729,0.8464915591893408,0.9638070933311144
0.3790000000000004,0.3608999999999997,0.2600999999999999,0.4063225215944847,0.38691767293786083,0.2788508914689322,0.3433406144560793,0.379505279760297,0.6900693536929279
0.23039999999999985,0.4098999999999995,0.35969999999999974,-0.6954833219941308,-1.2373203718984116,-1.0857871133736494,0.3433406144560793,0.20123242861013635,0.5116810607666198
0.09780000000000003,0.3896000000000003,0.5125999999999995,-0.00920930079350134,-0.03668653976634073,-0.048268789230560126,0.3433406144560793,0.578965796702674,0.38917254974163035
0.5135999999999997,0.2796000000000001,0.2067999999999999,0.48650606664365686,0.2648502652522714,0.19589068259717338,-0.2461509819883885,-0.3537834018799618,-0.2775887786038964
0.47059999999999974,0.3105999999999997,0.21880000000000005,-0.6416561797261702,-0.4234985325604513,-0.2983305824991206,-0.4819476205661756,-0.8554808260956486,-0.8021370852367133
0.1271,0.2805,0.5924000000000006,0.08805598530536947,0.1943328393245959,0.4104198717144054,-0.01035434341060139,-0.22247386540749198,-0.18207943164116736
0.3001000000000002,0.4912000000000005,0.20869999999999983,0.07822118037482133,0.1280314688440928,0.05439773523567206,0.3433406144560793,0.4692343479856762,0.48717429638414067
0.31009999999999976,0.3396000000000005,0.35030000000000017,-0.09127784042281503,-0.09996115642563061,-0.1031106981622449,0.5791372530338664,1.3879642324002865,1.1243307068060828
0.3703999999999999,0.3607999999999996,0.2688,0.45049054460014004,0.43881476374657236,0.3269218638998857,0.3433406144560793,0.8138012190748902,0.6808447228693133
0.32139999999999996,0.34020000000000067,0.33840000000000053,0.11501409809806552,0.12174174291525194,0.12109760670935109,-0.3640493012772821,-0.8266658739857339,-0.7582629577186216
0.3203999999999999,0.3195999999999998,0.3599999999999997,-0.110948930603488,-0.11067190455953417,-0.12466171977919993,-0.01035434341060139,-0.12961102390828041,-0.026017923882805685
0.2795,0.33030000000000037,0.39020000000000027,0.07730240526503791,0.09135235942412182,0.10791913608020684,0.22544229516718572,0.32206926156525995,0.3916924468554701
0.17689999999999986,0.35090000000000016,0.4721999999999998,-0.3768849330082814,-0.7475914244918378,-1.0060207199915803,-0.01035434341060139,-0.3310398382740359,-0.19668853737151432
0.3908000000000003,0.42159999999999964,0.1876000000000002,-0.09105063742643935,-0.09822658326250451,-0.04370803372876158,0.4612389337449729,1.0573410864108366,0.8863106138477461
0.2901000000000005,0.3303000000000005,0.3796000000000005,0.19637180483879946,0.22358361647106323,0.256955315811128,0.10754397587829218,0.25888101343151626,0.16396402440358956
0.5430000000000003,0.40559999999999996,0.05140000000000007,0.4973522487869093,0.3715028952264647,0.04707901581518814,0.10754397587829218,0.24813914176019636,0.33381170276510486
0.25869999999999976,0.38120000000000026,0.3600999999999996,0.2603111629120599,0.38357408311587704,0.362342674003219,0.4612389337449729,0.9526403794171867,0.7894127452966861
0.25929999999999986,0.25959999999999983,0.4811000000000009,0.2131606200848111,0.2134072386194252,0.3954939233428572,-0.01035434341060139,-0.24740577607919337,-0.032247618047347944
0.3201999999999999,0.38100000000000067,0.29880000000000023,0.6492718208668389,0.7725564139608562,0.6058788884291433,-0.01035434341060139,-0.2543609378251007,-0.10113972008406451
0.37089999999999984,0.34030000000000055,0.2888000000000002,-0.20904209823659828,-0.19179570242629965,-0.16276990555602494,-0.2461509819883885,-0.5068575312233422,-0.46707581290476163
0.17939999999999987,0.480700000000001,0.3399000000000007,-0.08286057071170409,-0.22202383690700264,-0.1569916833049515,0.6970355723227599,0.925549336002673,1.0887410405386582
0.25939999999999985,0.2898000000000005,0.45080000000000015,0.38976441594436445,0.4354422811899656,0.6773546596288345,-0.12825266269949495,-0.2653040716242049,-0.30155878098763256
0.4405000000000004,0.3100999999999997,0.24940000000000018,-0.5279788950606554,-0.3716827590426991,-0.29892834603434154,0.3433406144560793,0.9254511931974896,0.8195471390721757
0.4909000000000005,0.33130000000000037,0.17779999999999993,0.20894145785275797,0.14101101036182262,0.07567690202937527,0.4612389337449729,1.2053977271247451,1.0706474479762327
0.2894000000000005,0.3395000000000007,0.3710999999999998,0.0025758994312558036,0.0030218308808270407,0.003303097024668371,0.22544229516718572,0.48528622507472535,0.3936000655807569
0.20749999999999985,0.48180000000000095,0.31069999999999975,-0.14108615474353275,-0.3275918523153458,-0.21125526881356926,0.3433406144560793,0.7768296712129112,0.40795236520659484
0.4107999999999995,0.36099999999999954,0.22819999999999985,-0.08626214429174477,-0.0758048541609539,-0.0479187471455116,0.4612389337449729,1.133033936711833,0.9668446623110097
0.28010000000000007,0.30999999999999983,0.40989999999999954,0.23906798505061327,0.26458791633591594,0.3498535061486835,-0.12825266269949495,-0.3266536738139136,-0.29875125473078357
0.1790999999999999,0.29910000000000025,0.5217999999999997,0.07526220224088538,0.12568913841568313,0.2192731274667448,0.10754397587829218,0.13414843146168265,0.0871284162479366
0.4232,0.4008000000000001,0.17600000000000002,-0.48827152065756657,-0.4624272813789053,-0.20306188004662507,0.22544229516718572,0.4463794573338882,0.47440683803270617
0.3808000000000004,0.3595999999999996,0.2595999999999999,0.13957375043910214,0.13180336307221907,0.0951505924737155,0.10754397587829218,0.3532424840217508,0.22564997823055732
0.1566,0.3512000000000001,0.4922000000000005,0.14886804599321196,0.3338598834790298,0.46789816243843557,-0.3640493012772821,-1.4301065784439153,-0.9331168057220407
0.3404000000000006,0.33960000000000057,0.31999999999999995,0.04872494291904633,0.048610430714771245,0.04580488171003172,-0.01035434341060139,0.14740385755523125,-0.029006600759919954
0.25020000000000014,0.4104999999999996,0.3393000000000006,-0.0880890860619459,-0.14452665798732509,-0.11945894045091239,0.10754397587829218,-0.285452156402454,0.048773529166873886
0.5123999999999997,0.46019999999999955,0.02740000000000004,-0.5394679560522996,-0.484510447648845,-0.028847427782656202,-0.3640493012772821,-1.1415845487174638,-0.6761556100722755
0.3003000000000002,0.40010000000000007,0.29960000000000014,0.32518832085498006,0.43325956434924234,0.32443030612105234,0.3433406144560793,0.4037284615721759,0.5743483647928291
0.3612999999999997,0.35100000000000015,0.2877000000000006,-0.34760135617716764,-0.3376918793749959,-0.27679189087232614,-0.12825266269949495,-0.03296573063543182,-0.2486508293471171
0.2804,0.3095999999999997,0.40999999999999953,0.7658860876548751,0.8456431267401895,1.1198762337321628,-0.12825266269949495,-0.09083666101195095,-0.30709901621003716
0.16890000000000027,0.39020000000000016,0.44090000000000046,-0.15634586841196466,-0.3611969085515011,-0.40812843921157593,-0.3640493012772821,-0.9958448235974182,-0.9558322033925386
0.14970000000000006,0.3897000000000003,0.4605999999999997,-0.04415562910778499,-0.11494621685573694,-0.13585893631961085,0.22544229516718572,0.44258320039622834,0.20497883814078988
0.27890000000000004,0.43240000000000073,0.2887000000000003,-0.06463198826294632,-0.1002039143954752,-0.06690302980104919,0.9328322109005471,1.800192763701191,1.708418637429216
0.3296000000000002,0.44110000000000027,0.22929999999999987,0.251891719278809,0.33710387552755655,0.17523899038419546,-0.01035434341060139,-0.030039311651917755,-0.1449974898110813
0.480500000000001,0.41109999999999947,0.1084000000000001,0.12032115795486041,0.10294282629603112,0.027144252908026748,-0.01035434341060139,0.19012222682495722,0.037285810421382126
0.1481000000000001,0.4101999999999996,0.44170000000000037,-0.006479667286174127,-0.0179470595596801,-0.01932524672723236,0.10754397587829218,-0.16586806724003597,-0.05382735051391896
0.25979999999999986,0.4604999999999996,0.27970000000000006,-0.2934198916936303,-0.520091840357647,-0.31589508740072536,0.6970355723227599,1.212011201807789,1.1926091052978645
0.13820000000000002,0.3403000000000007,0.5214999999999995,0.08405087154979064,0.20696462799127216,0.3171673626137176,-0.01035434341060139,-0.14804934575991024,-0.2309487002384985
0.3606999999999997,0.4420000000000004,0.19730000000000017,0.22867946571460182,0.2802226887880626,0.12508582918073474,0.4612389337449729,0.7882917543171281,0.8301509549437535
0.1692000000000002,0.3602999999999996,0.4704999999999997,-0.02323215298424431,-0.04947130449304495,-0.06460241122391801,-0.2461509819883885,-0.7375972090238515,-0.6912083747876607
0.1274999999999999,0.41049999999999964,0.46199999999999963,0.017916167088982582,0.057683032078645884,0.06491975839301925,-0.01035434341060139,-0.016969364569501322,-0.3110920079702004
0.43260000000000065,0.37169999999999986,0.19570000000000023,0.29721245385213585,0.2553718656884852,0.13445325293310903,-0.01035434341060139,0.2815173347026365,0.025832434133734462
0.4016000000000001,0.42189999999999994,0.17650000000000002,-0.3944695494871854,-0.41440912083825554,-0.17336622381595668,0.22544229516718572,0.14670344504843136,0.42995621624264163
0.49020000000000047,0.45090000000000025,0.058900000000000126,-0.18363252279965184,-0.1689104539583088,-0.022064372894531836,0.8149338916116535,1.727516891405331,1.6662357195563207
0.3905000000000003,0.3810000000000005,0.22849999999999984,0.006023426268431309,0.005876889649865122,0.0035245912991973168,-0.01035434341060139,0.23178656848407578,-0.019890503347124912
0.15829999999999997,0.44030000000000036,0.40140000000000015,-0.09719029233295913,-0.2703277682514337,-0.24644461997757308,-0.12825266269949495,-0.5481344360284914,-0.5450513919060931
0.38970000000000016,0.43140000000000067,0.17889999999999992,0.11820407410139475,0.13085254700369964,0.05426407199573904,0.5791372530338664,1.3859020785127982,1.1077630319322458
0.23920000000000038,0.3099999999999997,0.45080000000000015,-0.027327738506747957,-0.03541638351627026,-0.051502276416563395,-0.01035434341060139,-0.11274493137765924,-0.09867887551845553
0.23970000000000038,0.4708999999999996,0.2894000000000005,0.06030478925037725,0.11847111079684011,0.0728085357073808,-0.4819476205661756,-0.7827238032077387,-1.2055733953399494
0.3197999999999997,0.45090000000000013,0.22929999999999992,-0.12430379771949243,-0.17526135832307446,-0.08912714451869803,0.6970355723227599,1.218293691863214,1.2592476841620592
0.24760000000000024,0.32139999999999996,0.4310000000000007,0.07475846562491772,0.09704107775383089,0.130132870292163,-0.3640493012772821,-0.974353464794286,-0.8120224144651553
0.29990000000000017,0.4000000000000002,0.30010000000000026,-0.036404403286078316,-0.04855538951127484,-0.03642868098083396,0.22544229516718572,0.2945563855129608,0.34410854596237017
0.4303000000000006,0.3815000000000005,0.18820000000000028,-0.058221826825409356,-0.051618933148718724,-0.025464438318712625,-0.12825266269949495,-0.16963930160113547,-0.21580656272976378
0.32049999999999984,0.32890000000000025,0.3506000000000002,-0.18511864832364505,-0.18997043193025565,-0.20250420624733234,0.3433406144560793,0.3420566157721851,0.6746740371509655
0.39090000000000025,0.4216999999999998,0.18740000000000015,-0.2706437258501843,-0.2919684297544707,-0.12974836076828997,-0.3640493012772821,-0.9368920833851222,-0.7637869406015654
0.33100000000000046,0.46159999999999957,0.20739999999999986,-0.1581168710906334,-0.22050376947261696,-0.09907383403080756,0.5791372530338664,1.0717009226912702,1.0240806453580398
0.5058000000000001,0.39060000000000017,0.10360000000000003,0.3271476449846779,0.2526371493298047,0.06700770268962561,-0.3640493012772821,-0.6915837581779597,-0.6296015604180075
0.31989999999999996,0.3097999999999997,0.3702999999999997,-0.11048391630652198,-0.10699567762350884,-0.1278905727049236,-0.01035434341060139,-0.22713097430765591,-0.016704584579460766
0.3013000000000001,0.3500000000000002,0.3487000000000003,0.32771354716580897,0.3806828460273255,0.37926888117065266,0.5791372530338664,1.0937428066828747,1.0978483521567612
0.3402000000000005,0.4414000000000004,0.21840000000000007,0.4800263362838649,0.6228207667128096,0.3081650553921104,-0.01035434341060139,0.5660316312630019,-0.13884383547032947
0.3503000000000002,0.5212999999999998,0.12839999999999993,0.0050830914416153065,0.007564417837607926,0.0018631713990962164,0.9328322109005471,1.377806142919073,1.6891881418220394
0.3920000000000002,0.38050000000000056,0.22749999999999992,0.18050814381164462,0.1752126242865583,0.10475919060497225,0.22544229516718572,0.5549134816214335,0.45128648256092396
0.2096999999999999,0.5309000000000009,0.25939999999999985,-0.11130373990378892,-0.28178901056233513,-0.13768331011465354,0.5791372530338664,0.7740498482454339,0.8328954784774709
0.3397000000000007,0.41119999999999945,0.2491000000000002,0.06986039567316858,0.08456460023787701,0.05122821478418096,0.5791372530338664,1.2096915764276854,1.0791924559210424
0.29020000000000057,0.41039999999999943,0.2994000000000002,-0.056975600085374924,-0.08057472872170156,-0.05878185618732334,0.4612389337449729,1.5744838313327554,0.7967860929861682
0.26900000000000013,0.3618999999999996,0.3690999999999996,0.09903981840953174,0.1332435326483624,0.13589441254631268,-0.3640493012772821,-0.816987426540686,-0.8317464284236182
0.3198999999999998,0.31979999999999975,0.36029999999999973,-0.30300070143283453,-0.3029059841144747,-0.3412664980501728,-0.12825266269949495,-0.4575302608533922,-0.25950845526159366
0.3397000000000007,0.4103999999999995,0.2499000000000002,-0.21934475621313085,-0.26499584324365205,-0.1613607729692709,1.0507305301894407,2.11810830982812,2.0299423778384216
0.3397000000000006,0.45070000000000016,0.20959999999999976,0.14780379321049464,0.19609999882240162,0.09119715942572736,0.22544229516718572,0.19141920601797494,0.32964717921627223
0.23900000000000046,0.45100000000000023,0.3099999999999997,0.10636509007176813,0.2007140402609513,0.13796308754078673,0.3433406144560793,0.40254144388731977,0.46631834267853656
0.3796000000000006,0.3717999999999998,0.24860000000000024,0.7219702901014728,0.7071352841404821,0.4728182669105006,0.22544229516718572,0.6910506168078632,0.437772047818795
0.4720999999999997,0.35050000000000026,0.17739999999999992,-0.7055550583347289,-0.5238234440718551,-0.2651249043604764,-0.12825266269949495,-0.39446055870736796,-0.13083043180193882
0.2498000000000002,0.46049999999999947,0.2897000000000005,-0.14738670245659563,-0.27170366886013675,-0.17092845356955882,1.1686288494783341,2.3699465250295417,2.1250249507379495
0.24930000000000027,0.44090000000000035,0.30979999999999985,-0.3657695410005497,-0.6468824333218705,-0.454534311279463,0.22544229516718572,0.23790286599798563,0.25812938500639515
0.27890000000000004,0.3503000000000002,0.37079999999999963,-0.14588589669660698,-0.18323352317254019,-0.1939565811943414,-0.12825266269949495,-0.5703587592237406,-0.3337251890593254
0.19920000000000015,0.29050000000000054,0.5102999999999995,0.2135150301931115,0.31137608569828795,0.5469714854796416,-0.01035434341060139,0.09537742911856192,-0.12263682715732077
0.2797000000000001,0.46089999999999953,0.25939999999999985,-0.19394332304168643,-0.3195869774398039,-0.1798673507222503,0.5791372530338664,0.9191156162961789,0.9742407302676547
0.33200000000000046,0.43070000000000075,0.23730000000000026,-0.18498571788963092,-0.23997996594898813,-0.13222021341930543,0.6970355723227599,1.099111817108173,1.2927153618707292
0.23880000000000043,0.3310000000000005,0.43020000000000075,-0.28091921724180496,-0.3893813270813962,-0.5060780873426486,-0.2461509819883885,-0.7000949616484381,-0.5883828926418543
0.19810000000000025,0.4409000000000003,0.3609999999999997,0.0781231417020831,0.17387427146112275,0.14236473576199868,0.6970355723227599,1.442967801073548,1.144900883098698
0.2297999999999999,0.43040000000000067,0.33980000000000066,0.20950896217993223,0.39239624596276335,0.3097961068265498,0.6970355723227599,1.4213372789958925,1.1847907305633354
0.3809000000000005,0.3602999999999997,0.2587999999999999,0.09109976105826177,0.08617286403069478,0.061897133530790516,0.10754397587829218,0.532888309323053,0.22593740206870977
0.3603999999999997,0.3803000000000006,0.2593,-0.24914721195511857,-0.2629042305952603,-0.179256026803447,0.6970355723227599,1.522132528054942,1.37268942873726
0.41139999999999965,0.3803000000000006,0.20829999999999982,0.22708200169691242,0.20991561800033057,0.11497613260444059,-0.2461509819883885,-0.6578064395393056,-0.47490917378127284
0.1878000000000002,0.37149999999999994,0.44070000000000037,0.020888238213380206,0.04132044992689424,0.0490172874368299,-0.2461509819883885,-0.5150085538816884,-0.6845577341166985
0.27970000000000006,0.3603999999999997,0.3598999999999996,-0.20244189998970077,-0.26085112891057594,-0.2604892377772371,0.3433406144560793,0.3185708294975977,0.6027101358552837
0.2583999999999998,0.44140000000000024,0.30020000000000024,-0.17565462230704323,-0.30005398717619575,-0.2040693406214182,0.6970355723227599,1.183509036803261,1.2084171608360719
0.4016000000000001,0.3696999999999997,0.2286999999999998,0.2540275684814093,0.23384958184157595,0.14466161581598164,-0.12825266269949495,-0.5447659427850613,-0.23832192423437526
0.2694999999999999,0.3802000000000004,0.3503000000000002,0.12320939383515582,0.17381896673887315,0.16014935310001902,0.10754397587829218,-0.29157475468399985,0.09480940796528951
0.38050000000000045,0.3809000000000005,0.23860000000000042,-0.7662937828801867,-0.7670993479607441,-0.48051957055246425,-0.01035434341060139,0.13412611136413072,-0.015595956041828087
0.16810000000000022,0.39030000000000015,0.4416000000000004,0.20585236477293556,0.47795465776845136,0.5407757542161112,0.4612389337449729,0.5386081872381687,0.6916927302254392
0.5012000000000002,0.3809000000000007,0.11790000000000025,-0.027744489428751254,-0.02108514769236107,-0.00652648703840738,-0.12825266269949495,-0.12989244474982717,-0.1452511045880594
0.2288999999999998,0.3796000000000005,0.3915000000000001,-0.24498534259088048,-0.40627538683922426,-0.41901162789134916,0.3433406144560793,0.41173822474531574,0.5334012827391871
0.1991000000000002,0.31989999999999985,0.4810000000000009,0.2347701744985754,0.37721234968404904,0.5671745551673273,-0.12825266269949495,-0.2780642000696322,-0.38869088776969385
0.1484000000000001,0.45040000000000013,0.40120000000000006,0.0581958244397702,0.17662668010560978,0.1573326466660094,0.6970355723227599,0.9377649706070055,1.0863915155102077
0.4511000000000001,0.36109999999999964,0.18780000000000024,-0.5495375005274032,-0.4398980080701509,-0.22878107426079902,-0.12825266269949495,0.07134788171243381,-0.1653877780805999
0.3202999999999999,0.3807000000000005,0.2990000000000003,0.08417623969162548,0.10004962363597211,0.078578506611914,0.4612389337449729,0.6995015922479709,0.854015381845603
0.18960000000000032,0.38030000000000064,0.4301000000000007,0.1476451332959522,0.2961468575551193,0.3349270666170308,-0.12825266269949495,-0.8880878856395427,-0.45724485267415466
0.29960000000000025,0.4315000000000008,0.26890000000000003,0.6076379002846032,0.8751527168651754,0.5453732689804061,0.4612389337449729,0.8117723360717565,0.773552345708058
0.25829999999999975,0.38150000000000056,0.3601999999999998,0.09278621510621904,0.13704197082083874,0.12939061045784014,0.3433406144560793,0.6838340088572001,0.5552981793252443
0.4402000000000004,0.3917000000000002,0.16810000000000036,-0.08649662128479407,-0.07696666641811409,-0.033030627073997954,0.22544229516718572,0.7485660249365009,0.4929515785418816
0.2391000000000004,0.3809000000000005,0.3800000000000005,0.17807985703866291,0.2836914159181375,0.28302110277997444,0.5791372530338664,1.050749361658664,1.0078619918618683
0.31949999999999984,0.43130000000000074,0.24920000000000025,-0.23250523708008056,-0.31386387716005937,-0.18134680776324308,0.4612389337449729,0.8499919887920264,0.8080870233614205
0.3509000000000002,0.4104999999999994,0.23860000000000034,-0.13564994960764742,-0.1586899524478175,-0.09223732680645398,-0.12825266269949495,-0.42569211355163517,-0.32247959028453244
0.24960000000000018,0.4413000000000003,0.30909999999999976,-0.053982943081577923,-0.09544340056851097,-0.0668514731831559,-0.01035434341060139,-0.34618769034874963,-0.21943947211756315
0.131,0.5564999999999999,0.31249999999999983,-0.002081826863791248,-0.008843791219082665,-0.004966190037669959,0.5791372530338664,0.33175330134007047,0.7273400041840863
0.3500000000000003,0.4623999999999996,0.18760000000000018,-0.29440024618016186,-0.3889447823820189,-0.1577985319525668,0.5791372530338664,0.8321062180182595,1.0446450183561953
0.23800000000000046,0.37039999999999984,0.3916000000000002,0.11551182322127473,0.17977134168554648,0.19006063014055094,0.3433406144560793,0.18983893963684406,0.5459010988941686
0.3816000000000005,0.3925000000000002,0.2258999999999999,0.2728677358218352,0.2806619138104566,0.16153255115868048,0.5791372530338664,1.4855994797230345,1.135848436288781
0.35060000000000024,0.4203999999999998,0.22899999999999984,0.37545177139498076,0.4501994429391036,0.24523233214332707,0.3433406144560793,0.6313347767490989,0.6029316436198012
0.2904000000000003,0.45080000000000015,0.2587999999999998,-0.22947219133790114,-0.3562192281512595,-0.20450207685347352,0.3433406144560793,0.7184959964398142,0.523248843041991
0.3611999999999997,0.3900000000000003,0.24880000000000022,0.08394456400346953,0.09063781827617157,0.057822279966952536,0.3433406144560793,0.48046953161473677,0.6491410817421114
0.34060000000000057,0.49130000000000046,0.16810000000000028,-0.2411393741052456,-0.34783257339373774,-0.11901212209950612,0.22544229516718572,0.3393258446668275,0.29675838626462425
0.33100000000000046,0.42089999999999966,0.24810000000000018,0.3932065308711776,0.5000018998298437,0.2947267078825954,0.4612389337449729,0.8881388190492777,0.8189114997237295
0.33990000000000054,0.40030000000000027,0.25979999999999975,0.10264163451941394,0.12088098351903902,0.07845335877653332,0.22544229516718572,0.5653172943294045,0.3811284546309831
0.22919999999999988,0.3809000000000005,0.38990000000000014,-0.043917655547980244,-0.07298531849138616,-0.07470983376159473,0.10754397587829218,0.24885977846716192,0.05679994735986149
0.25979999999999975,0.41939999999999955,0.3207999999999999,-0.11083195023251631,-0.1789180905601129,-0.1368548484780264,1.0507305301894407,2.40420001241589,1.9393870173512975
0.19860000000000017,0.37930000000000047,0.42209999999999975,0.10095664430587492,0.19281397374228787,0.21457099477094535,0.4612389337449729,0.8327073435033299,0.734352511003686
0.3508000000000002,0.46079999999999954,0.18840000000000023,0.015592537847476207,0.02048187411663918,0.0083740995737301,0.5791372530338664,1.5040100113580963,1.0415093443794718
0.22949999999999984,0.3798000000000005,0.39070000000000016,0.22223450214469015,0.36777631335317423,0.37833124177747507,0.22544229516718572,0.22695374343465968,0.2901592983827809
0.281,0.45070000000000027,0.2683,-0.17723498431308368,-0.28426977733062936,-0.16922471989751012,0.3433406144560793,0.32476713526968615,0.5130813394572574
0.3810000000000004,0.3602999999999997,0.2586999999999999,0.6503296942999421,0.6149968211450623,0.44157556933174485,-0.3640493012772821,-0.34305297741069113,-0.7290169097748526
0.2794,0.5014000000000002,0.21920000000000003,0.15106453982836038,0.27109434599119514,0.11851591671573587,0.5791372530338664,1.0169785276985437,0.9275767858155222
0.3009000000000001,0.46139999999999953,0.23770000000000036,-0.28725167469113005,-0.4404716606928788,-0.22691832194776235,0.4612389337449729,0.8909345158941601,0.7602985986521593
0.11570000000000016,0.48210000000000097,0.40220000000000006,-0.004325993054361515,-0.01802559422219263,-0.015038153902024192,0.9328322109005471,1.8474613251195837,1.4952718439051629
0.28990000000000044,0.5013000000000002,0.20879999999999982,0.19648265099839426,0.3397611346860812,0.1415163074455489,0.4612389337449729,0.9566368947064003,0.7011237074816938
0.22969999999999993,0.44050000000000045,0.3298000000000004,0.352223774823081,0.6754661419659006,0.5057178969815076,1.1686288494783341,2.140834585432567,2.1171224071166015
0.29990000000000017,0.45070000000000016,0.24940000000000015,0.05098955984435651,0.0766288583589579,0.04240345523568694,0.9328322109005471,2.0558715558237477,1.7090034149947098
0.12769999999999992,0.4508000000000002,0.4215,-0.09791131976114764,-0.3456415266117886,-0.3231763608404366,0.4612389337449729,0.9573389755415038,0.594785758524816
0.17929999999999996,0.44130000000000036,0.37940000000000046,-0.013495467488141621,-0.03321555941169495,-0.028556499525939423,0.4612389337449729,0.7984160482017524,0.6547509924443154
0.09790000000000003,0.4107999999999995,0.4913000000000004,-0.08768518062327442,-0.36793740755915294,-0.440038092341315,-0.01035434341060139,-0.2800527304640494,-0.3399599248229593
0.2202000000000001,0.39010000000000017,0.38970000000000027,0.31564300507980836,0.5591840884724488,0.5586107133496883,0.10754397587829218,0.01743654344614334,0.03299368260060956
0.26919999999999994,0.4500000000000003,0.2808000000000001,0.15155390756331882,0.2533404844111944,0.15808446227258524,0.6970355723227599,1.053361302915165,1.205127337418996
0.28030000000000005,0.3896000000000002,0.33010000000000034,-0.3643744772496981,-0.5064584243185246,-0.4291117193725489,0.22544229516718572,0.12908706095895506,0.34059754180876023
0.4216999999999997,0.4086999999999997,0.16960000000000028,-0.32191550308027145,-0.3119916198930684,-0.12946850681151095,-0.01035434341060139,0.22886970116147168,-0.010505386567401966
0.10910000000000007,0.4202999999999996,0.47059999999999985,-0.03617247229773173,-0.13935187998842,-0.15602901432917082,0.4612389337449729,0.80533087359188,0.606111655224386
0.47129999999999955,0.3901000000000001,0.1386,-0.30447380413285857,-0.2520161913690394,-0.08953971833824366,0.10754397587829218,0.22854956618822808,0.29344378078425815
0.3402000000000006,0.3908000000000001,0.269,-0.3935166413340008,-0.45204674730548877,-0.3111580732476368,-0.5998459398550692,-0.8997463515142593,-1.2535868846185434
0.3089999999999998,0.39110000000000017,0.29990000000000017,-0.12658714066324744,-0.16022081137021402,-0.12285916985407105,0.22544229516718572,0.20533296440792237,0.3636540964238061
0.3400000000000007,0.4604999999999995,0.19950000000000012,0.12133327593336286,0.16433521637445125,0.07119408396678194,0.8149338916116535,1.4062845468002416,1.5015928985371856
0.13920000000000005,0.42049999999999965,0.44030000000000036,-0.059519957057025674,-0.17979987027643152,-0.18826607106471563,-0.01035434341060139,-0.4601553810928848,-0.3085705391388038
0.3407000000000006,0.47089999999999976,0.18840000000000018,0.0919489867387977,0.12708769549544977,0.050845873500409366,-0.01035434341060139,-0.3426858021627338,-0.16099825738428913
0.15989999999999996,0.42049999999999954,0.4195999999999996,-0.16359940518357605,-0.4302285796103419,-0.4293077574423293,0.4612389337449729,0.7745240975416671,0.6582592100900458
0.3295000000000004,0.37039999999999973,0.30010000000000026,0.0383023300036078,0.04305670116338786,0.034884762470660684,0.4612389337449729,0.7168991335415018,0.8742868938746345
0.3095999999999998,0.5221999999999999,0.16820000000000027,0.13836843201156498,0.23338499740451957,0.0751730305695907,0.4612389337449729,0.6354161513603593,0.7007239745213911
0.19930000000000017,0.5008000000000001,0.2999000000000001,0.026721498086334467,0.06714564095151175,0.04020962005063574,0.5791372530338664,0.6656241010466484,0.850652647892653
0.16920000000000024,0.42069999999999974,0.41009999999999946,0.3816482474472665,0.9489327287296967,0.9250233231567586,0.6970355723227599,1.2031319563858576,1.1323413609977622
0.44310000000000027,0.39150000000000024,0.16540000000000019,0.6006305796937089,0.5306857863915302,0.22420288395698376,0.3433406144560793,0.6789666874323252,0.7193159147220889
0.2685000000000002,0.4823000000000009,0.2492000000000002,0.030098542433972128,0.05406527752664721,0.027935034542070223,0.6970355723227599,1.4509998312895505,1.174099118263336
0.3302000000000004,0.40090000000000015,0.2689000000000001,-0.16819417802836595,-0.2042066807134217,-0.13696975915150686,0.22544229516718572,0.42964457913401755,0.37569205666971334
0.1994000000000002,0.49020000000000047,0.31039999999999973,-0.04488156458247901,-0.11033572195752864,-0.06986578558877361,0.6970355723227599,1.4522456733109907,1.0986208552340666
0.21740000000000007,0.37099999999999983,0.41159999999999947,0.15078374960859287,0.2573172543918487,0.285476501098881,-0.12825266269949495,-0.32271309557042427,-0.4204699569793134
0.2598999999999998,0.45110000000000017,0.28900000000000037,-0.05964977758529592,-0.10353218418132751,-0.0663285329824954,0.3433406144560793,0.20726301249257684,0.48968692942920033
0.18720000000000026,0.41199999999999964,0.4008000000000002,0.3014480157961284,0.6634432826282298,0.6454079312558128,0.4612389337449729,0.6296938711427662,0.6874076707582697
0.29000000000000065,0.4812000000000009,0.2287999999999999,0.36291935958818383,0.6021958477028758,0.2863308602544008,0.8149338916116535,1.4060034737577736,1.4271221120323467
0.2095999999999998,0.5204999999999996,0.2699000000000001,-0.13507522907302788,-0.33543252257877404,-0.17393513514699557,1.522323807345015,2.9461111183385245,2.7331626071180235
0.37109999999999976,0.44000000000000034,0.18890000000000023,-0.46752655775906315,-0.5543295214604906,-0.23798374228156077,0.4612389337449729,0.7124666322220243,0.8550869934171613
0.16900000000000032,0.4001000000000002,0.43090000000000067,0.1307179209974337,0.30946887687025537,0.33329202460233237,0.22544229516718572,0.3154485981197548,0.21140146810834476
0.18970000000000026,0.4806000000000011,0.32970000000000027,-0.10390500279394481,-0.26324061329873444,-0.18058766168246487,0.3433406144560793,0.5546350378326061,0.39082698788205494
0.2707,0.45030000000000014,0.279,-0.0034933056117463198,-0.005810991935609044,-0.00360041472359521,0.5791372530338664,0.5232755112302723,0.9727027502258401
0.21790000000000004,0.4922000000000006,0.2899000000000004,0.05187573346653212,0.11717868752743063,0.06901686614019127,0.8149338916116535,1.5830710969705057,1.3497616438339721
0.26039999999999985,0.5918000000000007,0.1478000000000001,0.23407595581152937,0.5319744648589221,0.1328587798346547,0.6970355723227599,1.3924470510840803,1.0530655285957609
0.20749999999999988,0.5220999999999999,0.2704,-0.1323735199644896,-0.3330709145708918,-0.1725002399922795,0.8149338916116535,1.1485460326456607,1.3122287777173944
0.3500000000000002,0.5202999999999994,0.12969999999999993,0.015375054946549938,0.02285611739625691,0.005697556075907213,0.9328322109005471,1.4834548935052503,1.6897088753660474
0.16780000000000017,0.4014000000000002,0.4308000000000006,0.07497030340944541,0.17933897371007967,0.19247441423593023,0.10754397587829218,-0.13903917499251817,-0.026523723749347305
0.1679000000000002,0.4504000000000003,0.3817000000000004,0.012818525765212314,0.03438632522127233,0.0291413417783296,-0.12825266269949495,-0.5203675601944872,-0.5470587443727937
0.3405000000000006,0.47149999999999975,0.18800000000000028,0.3481275471147462,0.4820620806596254,0.1922113916521946,0.10754397587829218,0.37697300600000677,0.06986070662608371
0.16790000000000022,0.4319000000000008,0.40020000000000017,0.04591074691822349,0.11809917566397103,0.10943109539412166,0.10754397587829218,-0.16057789856002525,-0.056577382496320106
0.2689,0.5628000000000001,0.16830000000000017,-0.6446243135771612,-1.349180229383512,-0.4034595462069035,0.6970355723227599,0.7449950110778998,1.104922773645548
0.2900000000000003,0.41079999999999955,0.29920000000000024,-0.0701684529626106,-0.09939724302427713,-0.07239448664280373,0.22544229516718572,0.027233060409520005,0.32401469280173173
0.2595999999999997,0.4508000000000002,0.2896000000000005,0.2491163733540511,0.43259499656396916,0.27790486025937366,-0.3640493012772821,-0.8914546270228079,-0.9325859473339935
0.2483000000000002,0.5619,0.18980000000000027,-0.025143708108895366,-0.056899917786501386,-0.0192197978214593,0.22544229516718572,0.26157625938158613,0.1303719721796912
0.31149999999999967,0.4298000000000008,0.2586999999999997,0.08949718095158458,0.12348599798713056,0.07432719329751182,0.9328322109005471,1.9191536930584243,1.7407958921778228
0.37930000000000064,0.4815000000000011,0.1392,0.1295288880513518,0.16442963247225398,0.047536043281698234,0.8149338916116535,1.4273946900106083,1.5194432906064372
0.3811000000000004,0.41009999999999946,0.20879999999999996,0.31508514116826697,0.3390617066205877,0.17263127125671493,0.6970355723227599,1.6521944028740496,1.3531560627574786
0.18960000000000024,0.45080000000000015,0.35959999999999975,-0.026703415956996452,-0.06349103329859698,-0.05064635220535815,0.10754397587829218,-0.15505870635123464,-0.05292219728926989
0.2590999999999998,0.4015000000000001,0.3394000000000005,0.02093958012684948,0.03244786345399489,0.027429152817648513,-0.2461509819883885,-0.9679604353708582,-0.6437424393066162
0.1376,0.46179999999999943,0.4006000000000001,0.12770444682403478,0.4285894879603139,0.37179070783218277,0.9328322109005471,1.6021937522319742,1.535869837364014
0.4011000000000001,0.49080000000000046,0.10810000000000008,0.22040177482956733,0.2696913265678178,0.059400229017891396,1.0507305301894407,1.9095524566460504,2.002514495340393
0.3908000000000002,0.4606999999999996,0.14850000000000008,0.16393543604852368,0.1932575624041831,0.062293787751294176,1.0507305301894407,1.9535112334234845,2.023467494432735
0.2804000000000001,0.5011000000000002,0.2185,-0.32081899484749865,-0.5733323763127018,-0.2499962566839459,0.3433406144560793,0.7357613388431846,0.46437949969029924
0.3799000000000005,0.4218999999999998,0.19820000000000013,-0.03915597084718005,-0.04348487523144309,-0.020428305927641693,0.9328322109005471,1.7010389042009837,1.819008582432171
0.10910000000000009,0.5413000000000002,0.34960000000000024,0.02600772504563623,0.1290374112484224,0.08333914460086549,0.6970355723227599,0.9343458359052755,0.9567443473751704
0.2995000000000002,0.5020000000000001,0.19850000000000012,0.3830812621681,0.6420928000280004,0.2538952605688409,0.8149338916116535,1.3064077220297792,1.4153466639021177
0.3309000000000003,0.4404000000000004,0.22869999999999988,0.3042307484073574,0.40490547476155997,0.210267670476768,0.4612389337449729,0.9929484364505772,0.8008626680940334
0.20919999999999983,0.5211999999999996,0.2696000000000001,0.22448187128816172,0.5592731898441199,0.2892940368034822,-0.01035434341060139,-0.2772733264131616,-0.34389397884973605
0.3213999999999999,0.48090000000000094,0.19770000000000018,-0.11961124607964849,-0.17897028077070032,-0.07357543046031902,0.10754397587829218,-0.17333539862103325,0.04970568480333018
0.21910000000000007,0.5317000000000007,0.24920000000000025,0.2621420318408579,0.6361520690542414,0.29815515442602386,0.22544229516718572,0.21103759070468858,0.12719263904864592
0.39130000000000026,0.4292000000000007,0.1794999999999999,0.45289428556120415,0.4967601005951163,0.2077549814930643,0.10754397587829218,0.6485643059139443,0.16062553765060972
0.4306000000000009,0.5108999999999995,0.05850000000000012,0.7288532596839645,0.8647727133593505,0.09901977633885724,0.4612389337449729,0.9679351197706879,0.8212459892617012
0.3293000000000003,0.49090000000000056,0.17979999999999988,0.43057848286894035,0.6418796757982473,0.2350987282715923,0.8149338916116535,1.5389889211780219,1.4550948852492738
0.2596999999999997,0.41059999999999963,0.3297000000000003,-0.23611942220669851,-0.37331780807882337,-0.2997634713190168,-0.2461509819883885,-0.5245121998492028,-0.6480058141227679
0.13789999999999997,0.5008000000000001,0.36129999999999973,0.14001095876420702,0.5084661939747274,0.36683074257801285,0.9328322109005471,1.547168669975023,1.4969767335084563
0.08879999999999992,0.4510000000000002,0.46019999999999955,0.1848040828270574,0.938588303547331,0.9577346724888717,0.4612389337449729,0.42589583746474313,0.5537384542836796
0.3997000000000002,0.4310000000000008,0.16930000000000028,-0.19775793644033826,-0.21324410959666226,-0.08376386950049863,0.3433406144560793,0.3802848290696557,0.6515164507991538
0.2905000000000004,0.4597999999999995,0.24970000000000026,0.07810759067808459,0.12362778035725715,0.0671375745002331,-0.01035434341060139,-0.24920308637663008,-0.19950382130339567
0.07859999999999999,0.47079999999999966,0.45060000000000017,-0.03089386291092165,-0.1850487361127469,-0.1771090919549784,1.522323807345015,2.357199783530687,2.6507623311723276
0.18860000000000024,0.5022000000000001,0.30919999999999986,0.19941340998874135,0.5309937141905927,0.32692802952554995,0.3433406144560793,0.513974672942408,0.3637631794355108
0.3299000000000004,0.47039999999999965,0.19970000000000016,-0.022372121661142438,-0.03190010921309906,-0.013542627146802494,0.6970355723227599,1.0203382728179808,1.2479771253303884
0.24940000000000015,0.4310000000000008,0.31959999999999983,0.1483134989512507,0.25630761045705347,0.19006012135051992,0.10754397587829218,-0.08975641067683132,0.0235853202528426
0.2300999999999999,0.5112999999999995,0.2585999999999998,0.036423211481585706,0.0809351935268786,0.04093456101320322,0.5791372530338664,0.9676026729053913,0.8705888979185212
0.2379000000000003,0.46239999999999964,0.2997000000000001,0.1504332543912292,0.2923931770933344,0.18951175427091782,0.5791372530338664,0.8526284870130185,0.9255051458143906
0.2795000000000002,0.4912000000000004,0.22929999999999992,-0.35150534648610643,-0.6177439219820233,-0.2883727225376176,-0.2461509819883885,-0.7303343412989257,-0.7070753608802107
0.2802000000000001,0.5304000000000009,0.18940000000000035,-0.11645788357585407,-0.22044704300011803,-0.07871921181037399,0.3433406144560793,0.5873299450770397,0.43139566920880534
0.2400000000000004,0.48070000000000085,0.2793,0.6291229230037653,1.2600807878662914,0.7321418016456305,0.6970355723227599,0.9598730750290723,1.1378283565488996
0.3809000000000006,0.5312000000000009,0.08789999999999988,-0.4960502614062412,-0.6917876053005916,-0.11447313724759378,1.1686288494783341,2.5738666384195446,2.1911560776270615
0.18860000000000027,0.45050000000000034,0.3608999999999996,-0.1448515721476168,-0.34600017631230817,-0.2771841590035778,0.10754397587829218,-0.20886661944993948,-0.05191521505733959
0.2189000000000001,0.4911000000000005,0.2900000000000005,0.1585518420631832,0.35570950039848936,0.2100504074843453,-0.2461509819883885,-0.5714406329681114,-0.7755675332723901
0.08759999999999991,0.48120000000000096,0.4312000000000006,0.00940724818813806,0.05167543182799141,0.04630599793065229,0.3433406144560793,-0.05727539019122696,0.2871405198644367
0.15839999999999993,0.48090000000000094,0.3606999999999997,-0.10231656012825462,-0.31063152629847074,-0.23298979317084234,0.3433406144560793,0.2683994038835448,0.35922155823275614
0.3309000000000003,0.5120999999999996,0.15699999999999995,-0.2173174206371964,-0.33631988851105493,-0.10310920229688664,0.6970355723227599,1.1187770312997987,1.2106123107019418
0.20869999999999983,0.44070000000000037,0.3506000000000002,0.28818341457922303,0.6085406363443402,0.4841260428915943,0.5791372530338664,1.116048845553981,0.9162321861620216
0.20949999999999988,0.4303000000000006,0.36019999999999963,-0.13400658647312594,-0.2752412131712945,-0.23040177779293525,0.6970355723227599,1.2066292017668745,1.170052174558963
0.3505000000000002,0.4821000000000008,0.16740000000000016,-0.8608420972877051,-1.1840569903064282,-0.4111411329128727,0.4612389337449729,0.2998714045217138,0.799296271748528
0.44270000000000037,0.4209999999999999,0.13629999999999995,0.9798335068179523,0.9318046224765246,0.3016745131675779,-0.12825266269949495,-0.16359038961012556,-0.2625177763400273
0.19900000000000023,0.5710000000000002,0.22999999999999982,-0.011265825676253886,-0.032325560106235995,-0.013020803545419039,0.5791372530338664,1.0367206850446624,0.7805829186062385
0.14910000000000007,0.4706999999999996,0.38020000000000065,0.11956031276397011,0.3774449310395752,0.3048747881479644,1.0507305301894407,2.05400022354847,1.774592791509555
0.24850000000000014,0.5015000000000002,0.25000000000000017,0.36464992287663567,0.7359031642761882,0.36685102905094136,0.6970355723227599,1.4473823361213516,1.1296041220216024
0.20879999999999982,0.5323000000000008,0.2588999999999998,-0.013827641670726604,-0.03525121485310243,-0.01714548097965095,1.1686288494783341,2.067607019192709,2.0101354053312854
0.27890000000000004,0.4819000000000009,0.2392000000000004,0.23929858023198367,0.41347431270632173,0.20523564141803724,0.4612389337449729,0.15874988374213872,0.7089309229407006
0.20080000000000012,0.4283000000000006,0.37089999999999995,0.06517411290569201,0.13901430556527847,0.12038385695578263,0.8149338916116535,1.4921345255402902,1.3965902325702972
0.20889999999999986,0.5513999999999999,0.2397000000000004,-0.12573652500771246,-0.3318866437972843,-0.144274988244848,0.6970355723227599,0.9352078936165622,1.0479665328351417
0.4212999999999997,0.4504000000000002,0.12829999999999997,-0.17874729202011896,-0.19109371071887413,-0.05443455391925296,0.5791372530338664,0.9216021362002332,1.1256384135799629
0.2206,0.49130000000000046,0.28810000000000047,0.023008159579602266,0.051241653678416155,0.0300482809378215,0.5791372530338664,1.0006440181673855,0.8813909245057734
0.2087999999999998,0.5613000000000001,0.22989999999999988,0.19260192410338317,0.5177560344790666,0.21206504957551633,0.9328322109005471,1.4885531919298627,1.5056271218179567
0.1490000000000001,0.5517,0.29930000000000023,0.12649319088980723,0.4683643853282322,0.2540900136464383,1.1686288494783341,1.9355114757302359,1.929503825788558
0.11800000000000023,0.5208999999999997,0.3610999999999996,0.1768454159533332,0.7806676031363646,0.541176946616512,1.1686288494783341,2.1882413400996987,1.92935751940069
0.30080000000000007,0.48160000000000097,0.21760000000000002,0.21009357709281196,0.3363732271539176,0.1519825876841618,1.522323807345015,2.7492279599861362,2.8572107932703057
0.13870000000000002,0.5412000000000002,0.3200999999999998,-0.13606513670692225,-0.5309189040071113,-0.31401910785786424,1.2865271687672277,2.3165316368824813,2.169033767742422
0.23960000000000045,0.6014000000000003,0.1589999999999999,0.11321838596593321,0.28418003889779686,0.07513240137138286,1.758120445922802,3.235911619771779,3.1505616438476327
0.3100999999999997,0.48200000000000087,0.20789999999999983,0.05871797094768518,0.09126753304348383,0.03936622431481377,0.22544229516718572,0.02440818278779061,0.2704611143114336
0.3092999999999997,0.5725,0.11820000000000022,-0.44570883907667364,-0.8249864544823664,-0.17032908108264783,0.8149338916116535,1.771427852541102,1.368634487849095
0.19870000000000013,0.4816000000000008,0.3196999999999999,0.0067549953047766,0.016372449616408727,0.010868505278998878,0.6970355723227599,0.9757284584446554,1.1057813779018717
0.2691,0.47049999999999975,0.2603999999999998,-0.07990714259827053,-0.13971129911737742,-0.07732374556889494,0.6970355723227599,1.2966434262422892,1.1883429759853035
0.37059999999999976,0.5010000000000001,0.12839999999999993,-0.5491924100186927,-0.7424322650279689,-0.1902760535520781,0.4612389337449729,0.8129146366162221,0.7949030084932409
0.3200999999999999,0.48070000000000085,0.19920000000000015,-0.3995819812540435,-0.6000595388591662,-0.24866207643175742,0.8149338916116535,1.666474541424076,1.4706850080365013
0.1387,0.5320000000000008,0.3293000000000003,0.06131265308641077,0.23517182005746634,0.14556782019722486,1.4044254880561213,2.0398053937697274,2.4122147334248947
0.3714,0.5011000000000003,0.12749999999999997,0.18637529368236228,0.2514611191820996,0.06398182537560901,0.8149338916116535,1.0811287218854526,1.4909413608513924
0.23960000000000045,0.5210999999999998,0.23930000000000037,-0.2762828069865727,-0.6008805121899111,-0.2759368769277413,0.9328322109005471,1.5739403853599971,1.5837568439236551
0.2991000000000002,0.45130000000000015,0.2496000000000002,-0.18950970125237449,-0.28594359135806274,-0.1581465109749003,1.1686288494783341,1.949239452536285,2.18413691155908
0.22949999999999987,0.5017000000000001,0.26879999999999993,-0.11882235948829217,-0.25975240851972214,-0.1391697177797514,-0.12825266269949495,-0.5468159496964866,-0.5351595055523204
0.22939999999999983,0.5016000000000003,0.26899999999999996,0.29739720025879024,0.6502808877498228,0.3487351650811448,0.3433406144560793,0.12182490329579737,0.403139082526604
0.2699000000000001,0.4411000000000003,0.2890000000000006,0.45420629581356087,0.7423134386193471,0.4863490903672446,0.5791372530338664,0.8315942784684371,0.9734840353387955
0.18950000000000033,0.6224999999999992,0.18800000000000022,0.0346201586542564,0.11372585098825616,0.03434612045910395,0.8149338916116535,0.9892939899565174,1.1912964052591597
0.27990000000000004,0.5009000000000002,0.21920000000000012,0.10242350226096579,0.18329379164886667,0.0802116173476374,1.1686288494783341,2.154153655083326,2.110381496142057
0.20879999999999985,0.5623999999999999,0.22879999999999984,-0.18188799155510776,-0.48991286614268514,-0.19931021296843227,0.4612389337449729,0.5351618654140236,0.5652772103182837
0.2381000000000004,0.5218999999999998,0.24000000000000044,0.17434068770662572,0.38214365776601333,0.17573189857030735,0.10754397587829218,-0.006160316097464015,-0.07905269699333883
0.2802000000000001,0.4916000000000006,0.22819999999999996,0.5532399425281347,0.9706379576974705,0.45056871836159984,0.4612389337449729,0.6651756000998915,0.6952393970001343
0.17979999999999993,0.6214999999999992,0.19870000000000015,0.11766725378254135,0.4067308021459921,0.1300360585461123,1.4044254880561213,2.942437661427073,2.3625413121917442
0.3406000000000006,0.5716000000000001,0.08779999999999992,-0.25844415294454515,-0.43372483212889534,-0.06662183390643277,0.5791372530338664,1.1769616330304848,0.9251800746955137
0.1491000000000001,0.6217999999999991,0.22909999999999983,-0.022034164465195176,-0.09189029821903644,-0.033856653782536605,0.9328322109005471,1.511551363931924,1.3887564351549184
0.2707,0.5010000000000002,0.22829999999999998,-0.18152274620895095,-0.33595454691793303,-0.15309066479314185,1.0507305301894407,2.0518030542765335,1.869656873764417
0.2098999999999998,0.5718000000000001,0.21829999999999997,0.022057870503202025,0.060089044086378905,0.022940605673411177,0.4612389337449729,0.6308001284635636,0.5539337249241327
0.17839999999999995,0.5723,0.24930000000000013,0.13048693431509334,0.4185968189939907,0.18234525069928698,1.1686288494783341,1.964532003592744,1.9378540117764709
0.31129999999999974,0.4814000000000009,0.20729999999999987,0.35664258991860703,0.5515186083739733,0.23749440697117655,0.10754397587829218,-0.191481683306087,0.030899051883503142
0.26039999999999985,0.6306999999999988,0.10890000000000008,0.18389540663962892,0.4454025843610361,0.07690556752325504,0.9328322109005471,1.653697594976882,1.4873203211830166
0.2989000000000001,0.5217999999999997,0.17929999999999993,0.22994023578799275,0.4014145702046654,0.137933369945758,0.3433406144560793,0.7596019381952321,0.4527477277061024
0.08989999999999992,0.5916000000000008,0.31849999999999995,-0.09821611501474134,-0.6463254020324928,-0.3479625431834832,0.8149338916116535,0.961447606457307,1.1241883937209334
0.16930000000000023,0.6117999999999995,0.2189,-0.05931144750275442,-0.2143339845374192,-0.07668798498731792,1.0507305301894407,1.2032165449045036,1.6555738654607457
0.35070000000000023,0.4097999999999995,0.23950000000000043,0.4780615819731961,0.5586245688412187,0.32647775558192355,-0.3640493012772821,-1.059635219382153,-0.8053911843879925
0.12739999999999996,0.5738,0.2988000000000002,0.09982061835216324,0.44958454325330677,0.23411617553866879,0.4612389337449729,-0.05514041072073694,0.46918867917511337
0.11930000000000027,0.4802000000000008,0.4005000000000001,0.2994817110541814,1.2054578176715662,1.005384956221286,0.6970355723227599,1.1667273071186588,1.0253555897683762
0.17909999999999993,0.5522000000000002,0.26870000000000005,-0.17566920651557447,-0.5416221989832513,-0.2635528519862361,0.22544229516718572,0.17816804501499706,0.07326713568332383
0.31059999999999977,0.5108999999999996,0.1785,-0.4300381173326465,-0.7073614750329976,-0.2471403861683112,0.3433406144560793,0.47111275382298484,0.4866350096800208
0.15939999999999996,0.40130000000000016,0.4393000000000005,0.47294633076793013,1.1906735416384597,1.3034210985342034,-0.3640493012772821,-1.071162822276523,-0.9847988404933684
0.17869999999999994,0.5420000000000003,0.27929999999999994,-0.002596135640979734,-0.007874121530000094,-0.00405764233086536,0.8149338916116535,0.9275553131947715,1.2617160399706986
0.1482000000000001,0.5520999999999998,0.2997000000000002,-0.03320620830283318,-0.12370544941966383,-0.06715182610228815,1.1686288494783341,2.043277648463113,1.9302217693329569
0.22919999999999988,0.4813000000000009,0.28950000000000053,-0.025301030576943474,-0.053129956442770174,-0.031957453542867165,0.4612389337449729,0.8343268898893456,0.6645132358123322
0.21920000000000003,0.5011000000000002,0.2797000000000001,-0.11978167013734506,-0.27382570668715156,-0.1528418482546324,-0.12825266269949495,-0.35978657448296447,-0.5448224934081569
0.14870000000000008,0.6518999999999995,0.19940000000000013,-0.10087529072944752,-0.4422367318529035,-0.13526921971386577,0.8149338916116535,1.3773389112357508,1.1229151271256144
0.35000000000000014,0.5625000000000001,0.08749999999999991,0.025844843318934635,0.04153635533400209,0.00646121082973365,1.6402221266339085,3.234798380502908,3.064441451443398
0.2297999999999999,0.5710999999999998,0.19910000000000017,0.12675026623732993,0.31500033528346016,0.1098171366747277,1.4044254880561213,2.262490912950782,2.462385900959693
0.0880999999999999,0.6418999999999998,0.2700000000000001,0.06255287414187079,0.4557626550699988,0.19170574368110258,1.758120445922802,2.5400048182301243,2.9608035923190017
0.24840000000000026,0.5116999999999995,0.23990000000000045,-0.3045033101478369,-0.6272719154695966,-0.29408351088754475,0.9328322109005471,1.6367610941241477,1.6024449519013828
0.2804000000000001,0.5516000000000001,0.16800000000000026,-0.14787429439705393,-0.2908967931148892,-0.08859800805529633,1.758120445922802,3.461970485578728,3.2452589997480237
0.20889999999999984,0.5219999999999999,0.2691,0.48698969472438075,1.2168914343998416,0.6273285153199185,-0.12825266269949495,-0.993406421582018,-0.5851089064544726
0.2516000000000001,0.5935000000000005,0.1549,-0.0536076325192973,-0.1264552062806159,-0.03300406310508406,1.0507305301894407,1.6353774489046942,1.7558420867429514
0.20929999999999988,0.5814000000000011,0.20929999999999982,-0.0726049918320361,-0.2016843872486665,-0.07260499183203609,1.0507305301894407,1.819452985230912,1.7261126640137519
0.1386,0.6325999999999994,0.22879999999999978,-0.07609677117780406,-0.3473219152025887,-0.1256200667062161,0.8149338916116535,0.8161858730791903,1.1318671189197969
0.2197000000000001,0.5314000000000008,0.24890000000000023,0.01910321482212246,0.04620595519561168,0.021642194671034516,0.5791372530338664,0.5905449392811014,0.8403867667019764
0.14860000000000007,0.5826000000000011,0.26879999999999993,-0.15386180112691225,-0.6032293764235479,-0.27831798211920583,0.22544229516718572,0.5170827410966063,0.011901645217098522
0.1679000000000002,0.5715,0.2605999999999999,0.1424351404678684,0.48482241082422095,0.22107562600313546,0.9328322109005471,1.2445312223583043,1.4557274487248637
0.24050000000000057,0.6008000000000004,0.15869999999999998,0.04774708566857829,0.11927837451011139,0.031507120563839315,1.1686288494783341,2.1092051359931188,1.972086266121223
0.16770000000000018,0.5215999999999997,0.31069999999999975,-0.017440303521935704,-0.05424485579631275,-0.03231188016854748,1.0507305301894407,1.9540843331130435,1.7438049572683125
0.12799999999999995,0.6720000000000007,0.20000000000000015,-0.16198811494103785,-0.8504376034404499,-0.25310642959537194,1.522323807345015,2.8065929152153437,2.4998050651381374
0.2793000000000001,0.5017000000000003,0.219,0.30623475105027653,0.5500822577942133,0.24011962219839075,0.8149338916116535,1.4124686019249642,1.3969775273718419
0.3501000000000003,0.46109999999999957,0.18880000000000027,0.03812654104144134,0.05021464745560861,0.02056067109004322,0.22544229516718572,0.4237127136934601,0.3315143727751132
0.30989999999999973,0.5414000000000001,0.1487000000000001,0.1609901664784434,0.2812522624441089,0.07724826639349652,0.9328322109005471,1.969240321147939,1.626198784496652
0.24930000000000016,0.46139999999999953,0.28930000000000033,0.13048389770095756,0.24149727396398601,0.1514199422578702,0.4612389337449729,0.8253507136513875,0.7019277556566279
0.12929999999999992,0.631799999999999,0.2389000000000004,0.23880256215181045,1.166863563553857,0.44122143927353163,1.0507305301894407,1.9722516769569267,1.5925722392542434
0.3394000000000008,0.5420000000000003,0.11860000000000027,-0.2667800988726442,-0.42603068234818176,-0.09322368805626283,1.522323807345015,2.9635469281794524,2.843385218578391
0.3095999999999997,0.6111999999999995,0.07919999999999995,0.12463180993064135,0.24604315965635662,0.03188255602876873,1.6402221266339085,3.076463735204599,2.9738094272813287
0.20829999999999985,0.6636000000000009,0.1280999999999999,-0.1262076863777671,-0.4020711506494788,-0.07761500060005745,1.993917084500589,3.5540259400013623,3.5331179314569323
0.13940000000000002,0.5513999999999999,0.30919999999999975,-0.1295989477842435,-0.5126317059414048,-0.28746050684998603,1.0507305301894407,1.4203534911542786,1.6870424047422046
0.1786999999999999,0.6520999999999995,0.16920000000000027,0.13151497514286667,0.47991558640550275,0.12452341239044819,1.4044254880561213,2.1552744718587236,2.330626532994194
0.20859999999999984,0.5513999999999998,0.24000000000000046,-0.07963011586517058,-0.21048919409422373,-0.09161662419770368,0.9328322109005471,1.4763122211414408,1.5193802701221002
0.31029999999999974,0.5314000000000009,0.15829999999999997,-0.018578475870768982,-0.03181631349573529,-0.009477836707517666,0.6970355723227599,1.0322168982370032,1.1673010598820681
0.23920000000000047,0.5415000000000001,0.21930000000000013,0.42368334489282633,0.9591326557669944,0.38843544119981893,0.8149338916116535,1.238018315144664,1.3156706911250604
0.18940000000000018,0.49160000000000037,0.319,-0.050310942123461676,-0.13058531757071676,-0.0847370144529264,0.4612389337449729,0.6483584915989379,0.6149359845569262
0.3000000000000002,0.5626000000000002,0.13739999999999997,-0.0411373034180111,-0.07714615634324345,-0.018840884965449067,1.2865271687672277,2.3206909935300635,2.3071736079282186
0.2503000000000002,0.6112999999999994,0.13839999999999997,-0.14520989488862499,-0.35464166498368477,-0.08029184759323083,0.3433406144560793,0.49272656288205197,0.320975158228235
0.19850000000000015,0.6443999999999995,0.15710000000000002,0.24666595814048956,0.800763442950787,0.19522026208499188,1.522323807345015,2.73731979326491,2.5924805035142966
0.1892000000000003,0.6119999999999994,0.19880000000000017,-0.00961008112644039,-0.03108546326311577,-0.010097696236450043,0.8149338916116535,1.253316550065872,1.202131581266522
0.2292999999999998,0.6322999999999994,0.13840000000000002,-0.09549044141341943,-0.26331707852466246,-0.05763574832802992,1.6402221266339085,3.0123038010307224,2.876390513894738
0.10770000000000007,0.6118999999999996,0.2804000000000001,0.09544171171874967,0.5422542562739354,0.24848519931232496,1.0507305301894407,1.685181671511388,1.5926911055841972
0.2587999999999997,0.5021000000000001,0.23910000000000048,0.010034867480229123,0.019468728600552744,0.009271007784091156,1.2865271687672277,2.370457979915563,2.3259450603394605
0.2904000000000005,0.4911000000000005,0.21850000000000008,0.061388399051569904,0.10381488558617753,0.04618927407977964,0.3433406144560793,0.7570004526494685,0.47792546089252347
0.3010000000000001,0.5913000000000007,0.10770000000000006,-0.6900102207849412,-1.3554918390369972,-0.24689070026092422,0.3433406144560793,0.7866059437524777,0.40081169794986243
0.2500000000000001,0.5612,0.18880000000000025,-0.5039074812361547,-1.1311715138789196,-0.38055092982954436,0.4612389337449729,0.4157108776453649,0.6128154563317203
0.12899999999999986,0.6306999999999989,0.24030000000000049,0.02050641757693973,0.10025889585872776,0.03819916390495064,0.5791372530338664,0.6158025316411182,0.6507891297832339
0.16780000000000014,0.6024000000000002,0.22979999999999998,-0.08395177652172822,-0.3013858770958823,-0.11497090729852877,1.0507305301894407,1.8643986599514943,1.66381469828696
0.2605999999999997,0.5927000000000006,0.14670000000000008,-0.11882465342350976,-0.27025085220304823,-0.0668901636885223,0.8149338916116535,1.1444438582450458,1.2942616365234834
0.27980000000000005,0.5216999999999996,0.1985000000000002,0.09986291768928897,0.1861990141476126,0.0708462800619152,0.4612389337449729,0.7816321210076465,0.6723002805878913
0.18870000000000023,0.5924000000000007,0.2189000000000001,0.24605677435290937,0.7724644044868231,0.2854362899091247,0.9328322109005471,1.6374534186338325,1.4539002910629142
0.2690000000000001,0.5222999999999995,0.20869999999999983,-0.12488400164759932,-0.24247923442580316,-0.09688955815559089,0.8149338916116535,2.0617761540268225,1.3732818082992642
0.11900000000000026,0.6320999999999994,0.24890000000000023,-0.019297410505190675,-0.10250330403639486,-0.04036239894741137,1.2865271687672277,2.3613838590999006,2.057015669932069
0.24890000000000018,0.5319000000000008,0.21920000000000006,-0.007443322725597203,-0.015906401598011873,-0.006555148017078772,-0.12825266269949495,-0.7787389436857735,-0.5478552032135408
0.2701000000000002,0.583200000000001,0.14670000000000008,0.12059042027811569,0.260378871181774,0.0654965370410943,0.8149338916116535,1.1901514849483168,1.3093322293278067
0.2098999999999998,0.6720000000000006,0.11810000000000025,-0.2604760916849966,-0.8339205984388661,-0.14655658136254496,1.4044254880561213,2.4410071481178086,2.3472560880697655
0.1897000000000003,0.6106999999999996,0.19960000000000014,-0.14197070663815775,-0.4570453903211531,-0.1493798262782091,0.6970355723227599,1.3066306213446062,0.969577870742907
0.09900000000000005,0.5911000000000007,0.30989999999999973,0.0021855974912772325,0.013049562394888617,0.006841582449967813,0.9328322109005471,1.2558122778306429,1.3694121792130014
0.22949999999999984,0.6033000000000003,0.16720000000000013,0.10311911925759638,0.2710752272248713,0.07512643459638406,0.5791372530338664,0.9111228258514122,0.7768135414119228
0.0872999999999999,0.581600000000001,0.3311000000000004,-0.14115890680182497,-0.9404126024735583,-0.5353690039184921,1.2865271687672277,2.1846653404849836,2.0765782513872386
0.2695000000000001,0.5522999999999999,0.1781999999999999,-0.07941129789188513,-0.16274159490051257,-0.052508694932593386,0.8149338916116535,1.2562139220495903,1.3429709313928966
0.17909999999999993,0.6716000000000006,0.14930000000000007,0.2028708159608792,0.7607372417606179,0.1691156494860932,1.522323807345015,2.4496088980574897,2.5467478591677906
0.17969999999999992,0.4709999999999996,0.3493000000000002,-0.04094002753512876,-0.10730524746269136,-0.07957902959388143,0.6970355723227599,0.7392758168016789,1.0981751592294522
0.33990000000000065,0.5739000000000001,0.08619999999999993,-0.4416376308568417,-0.7456776591607561,-0.11200107025554472,0.5791372530338664,0.7530616525490024,0.9253883681960289
0.24830000000000027,0.5116999999999996,0.24000000000000046,0.24895728738893957,0.5130545467455503,0.240635316042471,0.5791372530338664,0.8624131051872289,0.8848575848332423
0.1896000000000003,0.6820000000000013,0.12839999999999993,-0.07557803424199186,-0.27185769700969653,-0.051182592809450075,1.4044254880561213,2.385492742155329,2.314299915458717
0.22939999999999985,0.5913000000000007,0.1792999999999999,-0.293689965880134,-0.7570134124887689,-0.22954930637449014,1.4044254880561213,2.331339092817634,2.4482234238379155
0.2704,0.5517999999999998,0.17779999999999996,0.17104454593890567,0.34904726497443833,0.11246937968911769,0.8149338916116535,1.2488086993638507,1.3402474253886978
0.21840000000000004,0.5522999999999997,0.22929999999999987,-0.1582247583663278,-0.4001260716379248,-0.1661215068379072,1.2865271687672277,2.0911417722224974,2.2380370183951057
0.23880000000000037,0.6323999999999993,0.12879999999999991,0.31174162549386847,0.8255670182676796,0.16814204926134912,1.1686288494783341,1.5941681071339344,1.9346459407122156
0.11620000000000016,0.5746000000000002,0.30919999999999975,0.007280506297926116,0.0360015397486088,0.01937291348811317,1.2865271687672277,2.1657218540507555,2.111592398354787
0.09950000000000005,0.5802000000000008,0.3202999999999999,-0.1299958439237545,-0.7580260165282656,-0.4184690332540556,0.9328322109005471,1.4167526756602986,1.3817391084580148
0.17999999999999988,0.6423999999999995,0.17759999999999987,-0.05356463463954089,-0.19116622940245037,-0.052850439511013675,1.0507305301894407,1.6735215816822586,1.6355090644007722
0.13760000000000003,0.6225999999999994,0.23980000000000043,-0.2680721437917211,-1.21294852270876,-0.4671780529160961,1.0507305301894407,1.3379039614673294,1.6153709633262698
0.22919999999999985,0.5209999999999996,0.2498000000000002,0.2942506188880566,0.6688681171059226,0.32069722774099757,0.9328322109005471,1.5395602762495226,1.5645646100765045
0.15930000000000002,0.6415999999999995,0.19910000000000017,0.10256213540836583,0.41308139408667577,0.1281865735078823,1.4044254880561213,2.4266719361690194,2.322340209522692
0.19920000000000013,0.5819000000000013,0.21890000000000007,0.30125946975458506,0.8800345655130186,0.33105270044818597,0.3433406144560793,0.0319557216096919,0.29296177602679385
0.19960000000000014,0.6120999999999994,0.18830000000000024,0.24829600202303195,0.7614327797509901,0.23423916423315103,1.0507305301894407,1.8304432402927069,1.6810796382825022
0.15869999999999998,0.6120999999999995,0.22919999999999988,0.21589330496357204,0.8326924509653583,0.3118005387375595,1.0507305301894407,1.7384159162054023,1.6412899534137222
0.23980000000000043,0.5713,0.18890000000000026,-0.1815007491869232,-0.432407748167177,-0.1429753608065462,0.3433406144560793,0.26232715341758533,0.351150283083503
0.04300000000000002,0.5964000000000004,0.3605999999999997,-0.026967839444085952,-0.37403766149890383,-0.2261535558962182,0.6970355723227599,0.8415146077944955,0.8356729959492469
0.16940000000000027,0.6421999999999995,0.18840000000000026,-0.1282834982410522,-0.48632622532705744,-0.14267184810279945,1.0507305301894407,1.3366601950165529,1.626100577008325
0.22060000000000007,0.5509,0.22849999999999987,0.006317959893928814,0.015777715800387046,0.006544215030656087,1.1686288494783341,2.113028804096046,2.002935465794951
0.16920000000000027,0.6420999999999994,0.18870000000000023,0.0016053859060513637,0.00609230668011571,0.0017904037852948713,0.6970355723227599,1.2185098949585806,0.9157339675891233
0.23880000000000043,0.6930000000000007,0.06820000000000001,0.0025235432590813363,0.007323347900097842,0.0007207104282635965,1.522323807345015,2.507438146046698,2.5873350954868055
0.2689,0.6141999999999993,0.11690000000000016,-0.0679881155838086,-0.15529304794189364,-0.029556752367970385,1.4044254880561213,1.9678237853772391,2.461158826997565
0.25889999999999985,0.5819000000000011,0.15919999999999992,-0.377228331556987,-0.8478530943723881,-0.23196118340622765,0.8149338916116535,1.2680182814136494,1.3075596500222946
0.09740000000000001,0.6533999999999992,0.24920000000000017,-0.0489505060520905,-0.328380499532196,-0.1252409251353281,0.5791372530338664,0.5068486012384538,0.5971272491512065
0.12779999999999994,0.6921000000000008,0.18009999999999987,-0.16697570596072644,-0.9042557597450623,-0.2353077045659376,1.6402221266339085,2.769796232756048,2.715698760875392
0.1495000000000001,0.6915000000000009,0.1589999999999999,0.28947820055459583,1.3389576968796195,0.30787313637579045,1.2865271687672277,1.8294533769534322,2.024347625061981
0.17939999999999998,0.6420999999999998,0.17849999999999988,-0.12620706293159736,-0.4517143540043403,-0.1255739171309371,0.9328322109005471,1.4648614520350887,1.3999844169069233
0.10780000000000008,0.5828000000000011,0.3093999999999996,0.25895772090474556,1.4000051924238024,0.7432422898694631,0.9328322109005471,1.8481525225788953,1.3844139672538769
0.09780000000000003,0.5606000000000001,0.3416000000000006,-0.023681269696501393,-0.1357435561539742,-0.0827149460973915,1.6402221266339085,2.8169463204641447,2.8161399404870275
0.2105999999999998,0.6406999999999995,0.14870000000000008,0.17397641453706045,0.5292815232378664,0.12284089668405,0.6970355723227599,0.4077106011334499,0.9557826943978425
0.06830000000000006,0.6820000000000014,0.2497000000000002,0.05154457853589317,0.5146911063174112,0.18844335666782613,1.522323807345015,2.4714499314753557,2.4288707332462693
0.05860000000000013,0.6312999999999988,0.31009999999999965,-0.021992695574819983,-0.23692813509187366,-0.11638114159985757,2.1118154037894823,3.6218013478202136,3.6508717191635354
0.2698,0.6417999999999997,0.0883999999999999,-0.36566963774238337,-0.8698546089809546,-0.1198116974663701,1.6402221266339085,2.84684612519667,2.911633547137405
0.14870000000000008,0.631099999999999,0.22020000000000003,0.04543751719107511,0.19284207867711797,0.06728541550420132,1.1686288494783341,1.6630011037810288,1.8506514300107635
0.10870000000000009,0.7123999999999995,0.17889999999999992,-0.04742792454416345,-0.3108339783372768,-0.07805755014674176,1.2865271687672277,2.1770594063542625,1.966505120843323
0.19830000000000023,0.6841000000000013,0.11760000000000023,0.01002920810765512,0.034598997813650396,0.005947730072921045,1.758120445922802,2.786824455577731,3.0282674875986992
0.13910000000000003,0.7223999999999989,0.13849999999999998,0.05531350448980682,0.28726438277093014,0.0550749128097645,1.6402221266339085,3.126792096204033,2.6943811860772953
0.1391,0.7327999999999986,0.12809999999999996,0.3280428329223683,1.7281796402984257,0.3021012717279322,2.229713723078376,4.234583454519285,3.862092912709871
0.1672000000000001,0.6031000000000002,0.22969999999999993,0.3870553096657433,1.3961307252357043,0.5317380659702222,0.9328322109005471,1.5225501007223166,1.4202422796044978
0.10880000000000008,0.6625000000000008,0.22869999999999985,-0.08321807792114103,-0.5067277263120952,-0.17492623548313352,0.4612389337449729,0.4705646023818773,0.36349305875600935
0.18850000000000017,0.6433999999999995,0.16810000000000017,0.14537882846620595,0.49621611795839127,0.1296455228921444,1.4044254880561213,2.0396506291046195,2.348834873495896
0.1783999999999999,0.6427999999999995,0.1787999999999999,-0.15022792329674772,-0.5412920913405237,-0.15056475720548484,1.2865271687672277,2.131302315815157,2.10719843025499
0.22949999999999987,0.6510999999999995,0.11940000000000024,0.2981651925871249,0.8459056945249542,0.15512385182964186,1.4044254880561213,2.2315110818212167,2.3793633959709437
0.15839999999999996,0.6417999999999995,0.19980000000000014,-0.23588869770937393,-0.9557662006936624,-0.2975414255197788,0.10754397587829218,-0.30280282015911547,-0.2727909236199849
0.13840000000000002,0.6722000000000007,0.18940000000000032,0.2692770503654041,1.307861511962607,0.36850486516768505,1.2865271687672277,2.3369128740877794,2.0330776612448243
0.1285999999999999,0.6328999999999991,0.23850000000000038,-0.018971575065890638,-0.09336788381961257,-0.03518445297989835,1.4044254880561213,2.3017930864223493,2.301975595127839
0.1595999999999999,0.6417999999999994,0.19860000000000017,-0.013815595587483237,-0.05555669954916503,-0.01719158699043969,1.8760187652116955,3.460301426903187,3.268664595755612
0.14830000000000007,0.6622000000000007,0.18950000000000028,0.04218295705108429,0.18835842319101842,0.05390202536197223,1.522323807345015,2.703418778063299,2.5277384366021947
0.05780000000000012,0.7431999999999992,0.1990000000000002,-0.047669371383882664,-0.6129390451989876,-0.16412119213482076,1.758120445922802,3.0388710443582387,2.8292008616461484
0.11780000000000024,0.5224999999999999,0.3596999999999997,-0.03758097549035057,-0.16668981064268357,-0.11475277490559473,0.8149338916116535,1.3531939483636273,1.2210059999203104
0.19910000000000017,0.6413999999999995,0.15949999999999998,-0.006867824410679302,-0.02212467391767804,-0.00550184828479833,0.9328322109005471,1.4123654101584049,1.4186875022810905
0.24860000000000027,0.5931000000000006,0.15829999999999997,-0.22256774229414678,-0.5309932741538956,-0.14172354627982056,1.522323807345015,2.5506931295196305,2.700732232747486
0.10740000000000005,0.6731000000000007,0.21949999999999995,-0.06961184668307234,-0.4362731285137432,-0.1422700218522753,1.2865271687672277,2.282341175407221,2.0047504707639208
0.23019999999999988,0.5720999999999998,0.19770000000000018,-0.04881178170319498,-0.12130851569243205,-0.04192045717950331,1.4044254880561213,2.4651694095755863,2.46449252633879
0.2395000000000005,0.6116999999999995,0.14880000000000013,0.23077857938582969,0.5894248726944117,0.1433814305328243,0.8149338916116535,1.2842718609656822,1.2487238802361986
0.09650000000000002,0.632399999999999,0.2711,0.009908272394275386,0.0649325540118108,0.0278355714620524,2.1118154037894823,3.9168043154021954,3.687493093900497
0.11810000000000023,0.622799999999999,0.25909999999999983,-0.17073486698259047,-0.9003698150445129,-0.374575817402109,1.522323807345015,2.0227665450277166,2.5392023909742263
0.10780000000000006,0.7024000000000002,0.1898000000000003,-0.05457225348147651,-0.3555802490295834,-0.09608361512786877,2.4655103616561633,4.583965106204222,4.337664255318552
0.09820000000000004,0.7316999999999987,0.17010000000000033,0.06280328992669139,0.467954859871283,0.10878655413981897,1.758120445922802,3.2220596679215614,2.8808087555460227
0.16950000000000026,0.6225999999999992,0.20789999999999986,-0.35717008857078203,-1.3119415760717892,-0.43808649801690513,1.522323807345015,2.2649129659121616,2.5936027374248227
0.17769999999999994,0.6234999999999992,0.1988000000000001,-0.15291047035723357,-0.5365204179388577,-0.17106697527866097,1.6402221266339085,2.7357677266038865,2.8344734216432697
0.14910000000000007,0.7025000000000002,0.1484000000000001,0.4828570368885874,2.275030639934491,0.48059010244310113,1.522323807345015,2.529551509851489,2.4831448960453213
0.15949999999999995,0.6615000000000008,0.1789999999999999,-0.17495709010384086,-0.7256057373272158,-0.1963468283923982,2.229713723078376,4.152887434862101,3.9593966446951856
0.1392,0.7132999999999995,0.1475000000000001,-0.10065467628938429,-0.5157829065892081,-0.10665635598192669,1.6402221266339085,2.9174710873050462,2.70524749817804
0.16900000000000023,0.6714000000000006,0.15960000000000005,-0.15440383375393404,-0.6134126271147412,-0.14581569152146656,0.4612389337449729,0.5224290863711352,0.41577391362643434
0.14850000000000008,0.6526999999999996,0.1988000000000002,0.020619908586150013,0.09063039955676834,0.02760429513081902,0.8149338916116535,0.8678643058675246,1.1205091990654992
0.19840000000000022,0.6228999999999991,0.17869999999999997,0.020201008052797106,0.06342342699640768,0.018195161991103014,1.993917084500589,3.5840163656185435,3.561926946919479
0.17709999999999995,0.6536999999999997,0.16920000000000032,0.08861204094691917,0.32707900150762875,0.08465927345126345,1.2865271687672277,1.7213867643540675,2.0918121123322284
0.1795999999999999,0.6937000000000008,0.12669999999999998,-0.12770976145313734,-0.493275398218494,-0.09009369029015873,2.1118154037894823,3.858650930520527,3.710476977857015
0.10810000000000008,0.6133999999999995,0.27850000000000014,0.019661557616126955,0.11156706236570078,0.05065442919603474,1.4044254880561213,2.0974133720245414,2.3007766938115664
0.07779999999999997,0.7624000000000014,0.15979999999999991,-0.09442854676668884,-0.9253512089321817,-0.19395477857733773,1.522323807345015,2.4460194597676326,2.3578507110085987
0.1293999999999999,0.7028000000000002,0.16780000000000023,0.21460177809472197,1.165549688137332,0.2782857678848101,1.2865271687672277,1.8867618997659428,1.9942557510703538
0.15919999999999992,0.7320999999999988,0.10870000000000009,0.27300880182077486,1.25546321490571,0.1864073916954665,1.2865271687672277,1.9311685258483755,1.9933788680724416
0.13839999999999994,0.7419999999999993,0.11960000000000026,-0.030728552234655943,-0.16474411674938366,-0.026554442538040898,1.993917084500589,3.437955096211411,3.383549504558296
0.15999999999999992,0.7520999999999991,0.08789999999999991,-0.26288286931884935,-1.2357137875919155,-0.1444212763320428,1.993917084500589,3.4353920513831357,3.3977285302401725
0.1285999999999999,0.6830000000000012,0.1884000000000002,0.10680427609240342,0.5672419951097334,0.1564690949907375,1.522323807345015,2.8113880347993274,2.486746508004746
0.31009999999999976,0.6021000000000002,0.08779999999999992,-0.30135153294641226,-0.5851136987650275,-0.08532300739340533,1.0507305301894407,1.959497030500215,1.809692167820262
0.3500000000000002,0.6214999999999992,0.028500000000000057,-0.062164303494787174,-0.11038604177717187,-0.005061950427432677,1.0507305301894407,1.8088701282591801,1.8258920971162398
0.15919999999999992,0.6618000000000008,0.17899999999999985,-0.08569163714567325,-0.3562231498932579,-0.09634926538364011,1.758120445922802,3.1655942798797962,3.012909054156379
0.18950000000000028,0.6815000000000013,0.12899999999999992,0.0018947403010584358,0.006814066043120446,0.0012898232128577187,1.758120445922802,2.716316365300626,3.0222353094570895
0.10970000000000009,0.720699999999999,0.16960000000000028,0.07571424151074174,0.49742255111022293,0.11705684011141122,1.1686288494783341,1.4719282161727683,1.72206495518312
0.13939999999999997,0.7419999999999992,0.11860000000000023,-0.027216499232647972,-0.14486831011925952,-0.023155500781865544,2.70130700023395,4.776699548046349,4.801701814528268
0.16960000000000033,0.6728000000000006,0.15759999999999996,-0.2270149938414383,-0.9005641972672143,-0.21095261220171344,1.522323807345015,2.3488977495313703,2.5416879867722906
0.139,0.6109999999999995,0.25000000000000017,-0.07249791212634472,-0.318677872728033,-0.13039192828479274,1.0507305301894407,1.7614197873443493,1.6262708100952679
0.0575000000000001,0.8028000000000004,0.1397,-0.03148095645633423,-0.4395289016199146,-0.07648503681651972,2.9371036388117373,5.063914077932532,5.131250058654655
0.06860000000000002,0.6523000000000002,0.2791,-0.019100716092036507,-0.18162386453112847,-0.07771151401293568,0.5791372530338664,0.3057420155097106,0.5692776013403458
0.20839999999999984,0.7027000000000003,0.08889999999999992,0.34219573394127395,1.1538432929008327,0.14597505157091772,1.2865271687672277,2.026625465594238,2.070100989559845
0.1285999999999999,0.7653000000000012,0.10610000000000007,-0.025916018945364015,-0.15422651087781591,-0.021381723251190716,1.758120445922802,2.7846148111338387,2.877988338652735
0.16740000000000022,0.6620000000000007,0.1706000000000002,-0.054991163751161816,-0.21746804303028144,-0.05604236879300003,1.1686288494783341,1.8175719046840304,1.8395215067229564
0.2397000000000004,0.7224999999999991,0.037800000000000014,-0.007438091716806526,-0.022419779997466412,-0.0011729656524626045,2.70130700023395,4.8303960219389,4.920816968093298
0.14940000000000006,0.6814000000000016,0.16920000000000027,-0.2188682062493108,-0.9982382579536858,-0.24787483599319565,0.9328322109005471,1.693376497311554,1.331607160935898
0.20859999999999979,0.6937000000000008,0.09770000000000004,0.0715487561309511,0.23793562860997547,0.03351061109297187,1.4044254880561213,1.8552665097930363,2.319407021538038
0.12939999999999993,0.7229999999999989,0.14760000000000012,-0.2137079453657854,-1.1940559853126946,-0.2437657862132146,1.2865271687672277,2.0765612322225833,1.978193045673266
0.20929999999999988,0.6519999999999998,0.1387,0.05570985690883929,0.1735443225253857,0.036918094377716267,1.0507305301894407,1.72664429213961,1.6535021490893305
0.1491000000000001,0.7020000000000003,0.14890000000000006,-0.11305682293797648,-0.5322997297280984,-0.11290517059332457,1.2865271687672277,2.0385981296913553,2.0180392009577917
0.18019999999999983,0.6916000000000009,0.12819999999999995,0.022415341201307143,0.08602913415551638,0.015946985249764577,1.758120445922802,2.903622652209086,3.002597058675171
0.09760000000000003,0.7738000000000008,0.1285999999999999,-0.016540094602479218,-0.13113447954301669,-0.02179360825695518,1.4044254880561213,2.401871239526772,2.12989162481541
0.16810000000000022,0.7032000000000003,0.12869999999999993,0.1946995042242285,0.8144716916744636,0.1490649981776214,0.9328322109005471,1.507193961906885,1.3233988021790624
0.1484000000000001,0.6527999999999995,0.19880000000000014,0.2913206847984104,1.281496920730472,0.39025978529598376,0.6970355723227599,1.1777370789755452,0.880985140305131
0.20020000000000016,0.6918000000000009,0.10800000000000008,-0.18128022065515337,-0.626421861384791,-0.09779352562815466,1.4044254880561213,2.3783839972762792,2.316547033731639
0.15899999999999992,0.7347999999999986,0.10620000000000006,-0.1431261747303744,-0.6614409634709368,-0.09559748274443886,1.8760187652116955,3.2247876311474513,3.176438506114216
0.20869999999999977,0.6823000000000015,0.10900000000000008,0.08796855494146072,0.28759437008413435,0.0459442860020088,0.9328322109005471,1.4077336183546767,1.385892108279329
0.07919999999999996,0.7314999999999986,0.18930000000000027,0.04849033842888025,0.44786215354451836,0.1158992558659981,2.70130700023395,5.049251659489151,4.751972793337931
0.11930000000000027,0.7114999999999995,0.16920000000000032,0.14160567610983704,0.8445300800683048,0.2008355439881343,1.8760187652116955,3.1633835370532433,3.15735516107453
0.1188000000000002,0.6719000000000007,0.2092999999999999,0.08811135603885989,0.49833350271473004,0.15523322238159373,1.6402221266339085,3.036924018884493,2.7245850556655316
0.0880999999999999,0.8138999999999994,0.09800000000000005,0.12130618799854143,1.1206709013849365,0.13493764385762858,1.8760187652116955,3.004386407891669,3.0245716515383028
0.1690000000000003,0.721799999999999,0.10920000000000009,-0.0059914164270695475,-0.025589375012182166,-0.0038713767682603197,1.993917084500589,3.5732878994604813,3.433973845487748
0.1387,0.7128999999999995,0.1484000000000001,-0.004580840892832952,-0.02354492770368139,-0.00490120251259128,2.1118154037894823,4.077633286991662,3.6489271442588542
0.1701000000000003,0.7518999999999992,0.07799999999999999,0.05953738082766864,0.26317552407009953,0.02730109173755523,1.2865271687672277,1.9941219618271362,1.986901190543172
0.17969999999999986,0.692000000000001,0.1282999999999999,0.17086399382024867,0.6579737547223835,0.12199137677873066,1.993917084500589,3.498068175705976,3.4721340439679165
0.10800000000000008,0.7332999999999986,0.1587,-0.15213709280665927,-1.0329826866215088,-0.22355700581867416,1.0507305301894407,1.464789786336686,1.4732198420417788
0.11910000000000023,0.7421999999999991,0.13870000000000002,-0.03384970192377326,-0.2109424749607425,-0.0394202658003975,0.9328322109005471,0.8894920930558499,1.2383357969322848
0.15809999999999994,0.723899999999999,0.11800000000000024,0.2468026972707754,1.1300472647331696,0.18420441668533566,1.6402221266339085,2.9856870200506487,2.7094181940872004
0.08739999999999994,0.7937000000000008,0.11890000000000023,-0.028713703969513477,-0.26075591350804217,-0.03906246455349155,1.4044254880561213,1.9071765783347254,2.0998181728170273
0.07659999999999999,0.743399999999999,0.17999999999999985,0.06677341147821272,0.64803334324939,0.15690879981825434,1.758120445922802,2.867141252689975,2.847893518112122
0.1593999999999999,0.7119999999999996,0.1285999999999999,-0.10280636330632213,-0.4592103555464327,-0.08294164567875173,1.0507305301894407,1.4691872623783382,1.5458168598727844
0.13869999999999996,0.7832000000000005,0.07810000000000002,0.08540770185587841,0.4822733388141603,0.04809186384242327,1.758120445922802,2.6258122497595653,2.868981056659157
0.18790000000000023,0.722899999999999,0.0891999999999999,0.06846766786873126,0.2634128637695886,0.032503012101600934,1.2865271687672277,1.7608668495487194,2.0334766393485735
0.06840000000000003,0.7620000000000015,0.16960000000000033,0.07820674752190233,0.871250608358036,0.19391614590226106,0.5791372530338664,0.47101539267740744,0.459313537577974
0.09830000000000003,0.8035000000000002,0.09820000000000004,0.05638124227442147,0.4608578653865478,0.05632388597505788,2.5834086809450567,4.294662761563426,4.462431358698297
0.11990000000000024,0.7522999999999999,0.12779999999999997,0.04369156664514432,0.27413816169426186,0.046570327082981075,0.8149338916116535,0.836821914698488,0.9921506076122001
0.10850000000000008,0.7528999999999991,0.13859999999999997,-0.12783291310211906,-0.887054380410924,-0.16329623738206162,1.2865271687672277,2.0671723782951608,1.9262987387112755
0.13859999999999997,0.7540999999999997,0.10730000000000006,0.01311235158669255,0.07134216689411868,0.010151192822886809,2.1118154037894823,3.651272362104935,3.6073695627535223
0.14940000000000006,0.772300000000001,0.07830000000000001,-0.22076446529194593,-1.1412074735272422,-0.11570185831565838,2.1118154037894823,3.803434129927692,3.602472112794466
0.05890000000000012,0.721899999999999,0.2192000000000001,-0.014783730107078836,-0.18119481773005391,-0.05501856773296563,1.2865271687672277,1.9850666138107826,1.907035204028028
0.18970000000000026,0.6514999999999993,0.15879999999999994,0.2271876055622115,0.7802463100884577,0.19018129553652674,0.9328322109005471,1.4932592839845245,1.3959855304647424
0.18840000000000026,0.7131999999999995,0.09840000000000006,-0.10165513888955202,-0.384821895201849,-0.05309376680855579,1.1686288494783341,1.9562315903422616,1.809795303499438
0.1599999999999999,0.7415999999999993,0.09840000000000006,-0.07322247353688775,-0.3393861648434746,-0.04503182122518602,1.1686288494783341,1.965037272208599,1.7525976565113202
0.16890000000000027,0.7828000000000004,0.048300000000000023,-0.05390922701215621,-0.24985282951519144,-0.015416315362268455,1.993917084500589,3.5188531000940686,3.3733553199799307
0.11860000000000027,0.8126999999999995,0.0687,0.03679146476941746,0.2521114959368085,0.02131175067166082,1.758120445922802,2.8337092196934326,2.8200149464280395
0.05910000000000013,0.7814000000000005,0.15949999999999995,0.0386913409293219,0.5115636853159405,0.10442079320180757,2.9371036388117373,5.123379209535621,5.154692563481025
0.11880000000000024,0.8340999999999985,0.047100000000000024,0.1427335064722833,1.0021381965364566,0.05658878918219304,2.5834086809450567,4.402289100951493,4.451317464830776
0.13949999999999999,0.7020000000000003,0.1585,-0.16115055714326226,-0.8109511907854492,-0.18309937854628724,1.4044254880561213,2.2322899215372045,2.245121748771564
0.14900000000000005,0.7042000000000002,0.1468000000000001,-0.15632336539052494,-0.7388115027383064,-0.15401523516328233,1.522323807345015,2.5495867342025416,2.4886237931527395
0.08849999999999994,0.7931000000000007,0.11840000000000027,0.152358167666024,1.3653702008578963,0.20383284804132537,2.819205319522844,5.55955004168907,4.93525794253993
0.05810000000000011,0.8430999999999992,0.09880000000000007,0.03948597202131264,0.5729883478686504,0.06714654106205996,1.6402221266339085,2.795774838889801,2.4937503197738815
0.09910000000000004,0.8714000000000012,0.02950000000000006,-0.037432946964724274,-0.32915307754854456,-0.011143006412304418,1.993917084500589,3.058700567451082,3.2147020998225835
0.11960000000000023,0.8016000000000004,0.07879999999999994,0.18955642018178012,1.270471792790257,0.12489168821341332,1.8760187652116955,2.8169556564822327,3.0670539629651707
0.07740000000000004,0.8238999999999986,0.09870000000000004,-0.07115239699430899,-0.7573961225272746,-0.09073309539196765,1.2865271687672277,1.905106933344424,1.8233739443490873
0.10740000000000008,0.7430999999999992,0.14950000000000008,-0.00981824401397486,-0.06793237548216671,-0.013666922533419378,1.8760187652116955,3.0795779471903217,3.115167932866574
0.09760000000000005,0.7331999999999984,0.16920000000000024,0.07339727761683687,0.5513820076707443,0.12724200177017223,1.758120445922802,2.57524531309832,2.8786563151477704
0.08969999999999989,0.7014000000000004,0.20889999999999984,-0.007928695349268112,-0.06199762450364174,-0.018464932647292192,0.9328322109005471,1.279449837200311,1.2497154763192866
0.14040000000000005,0.8325999999999987,0.027000000000000034,0.19873317452216635,1.1785273583130726,0.03821791817733972,2.4655103616561633,4.302067140824144,4.237227370025044
0.08939999999999991,0.8621000000000019,0.048500000000000015,0.11020150560363806,1.062692594864616,0.05978493312949053,2.4655103616561633,4.086767691058739,4.158614858287032
0.14910000000000015,0.7229999999999989,0.12789999999999999,0.16776127217244066,0.8134902735122352,0.14390789209158375,1.2865271687672277,1.6537927374413262,1.993815323453997
0.07859999999999999,0.842599999999999,0.07879999999999998,-0.022081294107680283,-0.23671372029429244,-0.02213748060668201,2.229713723078376,3.689126295567638,3.6953931672042954
0.12859999999999996,0.7632000000000011,0.10820000000000007,0.03039345525456243,0.18037546695398202,0.02557209843346546,1.6402221266339085,2.528564063916359,2.6433625428565173
0.10640000000000005,0.7748000000000009,0.11880000000000027,-0.09090629186360519,-0.6619755163150502,-0.10150063414846161,1.6402221266339085,2.7930802764613167,2.6105643543351307
0.1379,0.8035000000000002,0.05860000000000011,0.07140020595587458,0.41602658075087195,0.03034120427131442,2.229713723078376,3.9342012469894656,3.792798637696755
0.11860000000000023,0.8032000000000002,0.07819999999999996,0.042486754217033545,0.28773491557437847,0.02801403186991581,1.8760187652116955,3.0809710987711414,3.0656822893049953
0.19990000000000016,0.6920000000000008,0.10810000000000007,0.2475992279802732,0.857121889756624,0.1338943298882818,1.4044254880561213,2.4513324375971033,2.309997875257029
0.1377,0.7838000000000008,0.07849999999999996,-0.20806030426866115,-1.1842967791269194,-0.11861099408198907,3.1729002773895245,5.9956703439583965,5.704760944419938
0.1392,0.8145999999999993,0.04620000000000003,-0.12382846768495653,-0.7246456162080857,-0.041098241429920954,1.8760187652116955,3.1549256127815526,3.0763548667933622
0.09830000000000004,0.8538999999999998,0.047800000000000016,0.12312737140015993,1.0695672679409614,0.05987271976528631,1.6402221266339085,2.544894872816148,2.5220336885360197
0.057600000000000116,0.8547000000000001,0.08769999999999992,0.0164686832506417,0.24437124260978188,0.025074713907660987,1.4044254880561213,1.99688886206322,2.009090150561918
0.048600000000000025,0.8426999999999988,0.10870000000000006,0.002863714797192142,0.049655400403164886,0.006405057581374195,2.1118154037894823,3.509026079407347,3.4292735925513878
0.08909999999999994,0.7824000000000004,0.12849999999999992,-0.11055837946787232,-0.9708291368761325,-0.15944727005186973,1.758120445922802,2.828114437902505,2.8217456584990668
0.09690000000000001,0.8441999999999991,0.058900000000000126,0.07407940965652281,0.6453853212800461,0.04502866077161199,2.4655103616561633,4.2392862374558105,4.184009584391794
0.11940000000000026,0.8416999999999988,0.0389,0.1315700906341929,0.92749200407705,0.04286496252655019,3.055001958100631,5.183562595202386,5.389180955638051
0.06890000000000004,0.8131999999999995,0.11790000000000023,-0.06083008870609988,-0.7179539642351286,-0.10409096456384884,1.522323807345015,2.236390585520541,2.2978761214039656
0.10860000000000009,0.8226999999999988,0.06870000000000002,0.04311741702967962,0.3266362706290731,0.027275935082311128,2.70130700023395,4.813706668097395,4.689646903430179
0.11900000000000026,0.7117999999999995,0.1692000000000002,0.05422240793731325,0.32433201655276855,0.07709606237809574,1.993917084500589,3.032651266069217,3.3937188006125507
0.06890000000000003,0.8225999999999988,0.10850000000000008,-0.041396770916304705,-0.494237790359248,-0.06518939977386157,2.4655103616561633,4.110447543638806,4.178080871142362
0.09780000000000001,0.8446999999999991,0.05750000000000011,0.007809718048807114,0.06745264658310185,0.004591603147304803,1.6402221266339085,2.271394022951551,2.5313326789311583
0.09970000000000005,0.8215999999999988,0.07869999999999999,-0.16112834074658478,-1.3278138892416627,-0.1271895728862208,2.1118154037894823,3.7216069296532406,3.502076877369283
0.05820000000000011,0.8041000000000003,0.13769999999999996,0.02341834989636526,0.3235514630870666,0.055407333002224904,1.4044254880561213,2.1487191607099465,2.0604062993314503
0.028500000000000046,0.8335999999999982,0.13789999999999997,-0.011584484748630386,-0.33883601706871064,-0.056052647257407974,1.758120445922802,2.640378735002866,2.709352776043896
0.03989999999999999,0.8721000000000012,0.08799999999999993,0.01865268842574436,0.40769447559127026,0.04113876144023816,2.4655103616561633,3.983830614434952,4.100102581770896
0.1292999999999999,0.8020000000000004,0.06870000000000002,-0.012274992138835848,-0.07613722888898966,-0.006521979581887268,1.522323807345015,2.426953355180441,2.3693916672121715
0.04870000000000003,0.8519999999999993,0.09930000000000004,0.05705721065213379,0.9982082849202859,0.11634047264387853,2.9371036388117373,4.897619968607143,5.074106321558314
0.08979999999999994,0.852199999999999,0.05800000000000013,-0.06085113187887843,-0.5774758862714942,-0.03930251279482137,0.22544229516718572,-0.1430533747331572,-0.3182729810954238
0.0885999999999999,0.8844000000000007,0.027000000000000038,-0.07459451612844226,-0.7445980819863934,-0.022731963154265754,2.229713723078376,3.7280384460832376,3.6636657480701897
0.01949999999999999,0.9022000000000004,0.07829999999999998,-0.010971140998843951,-0.507598123546514,-0.04405335077997341,2.3476120423672695,4.078227034839778,3.812378420405955
0.03740000000000002,0.9237999999999987,0.038799999999999994,0.029941297066311122,0.7395660489266889,0.031062094282697083,2.70130700023395,4.705964338189514,4.518555466582723
0.06660000000000005,0.8547999999999997,0.07859999999999995,0.0842412639249173,1.0812227087540427,0.09941987003751489,2.1118154037894823,3.4542798872245375,3.4352737138307337
0.0786,0.8846000000000007,0.03680000000000002,0.12726942571841987,1.4323477606935662,0.059586703135341645,1.8760187652116955,3.038324721256941,2.9446319328152675
0.04870000000000002,0.8820000000000007,0.06930000000000003,-0.02822680798198459,-0.5112124156080168,-0.040166689797772735,2.3476120423672695,3.6270251146955683,3.8620116395316013
0.01989999999999999,0.8011000000000005,0.1789999999999999,0.012784517675787217,0.5146571412097061,0.11499641527466893,0.9328322109005471,0.808078678985099,1.0811497797226604
0.0388,0.8721000000000009,0.08909999999999993,-0.04342564704922391,-0.9760697626708301,-0.09972229773417132,2.5834086809450567,4.2128146560730215,4.333915261195356
0.07849999999999999,0.8882000000000009,0.033300000000000045,0.0188841215261387,0.21366721961167404,0.008010716520005345,2.229713723078376,3.3978741133263752,3.6495832841314204
0.09910000000000005,0.7728000000000008,0.1280999999999999,-0.06915410342283819,-0.5392763988412652,-0.08939092480792696,1.1686288494783341,1.8449476456554812,1.6602896548665231
0.13960000000000003,0.8040000000000003,0.056400000000000096,-0.10955010529528024,-0.6309332711848519,-0.044259498127892656,1.4044254880561213,1.9377254804936495,2.1424405549016092
0.058100000000000096,0.8947000000000008,0.04720000000000002,0.04101492722675184,0.6316016418205652,0.033320216266827615,1.8760187652116955,2.6468869564391935,2.914487314571253
0.058000000000000114,0.8530999999999995,0.08889999999999991,0.02712027577986232,0.398901849444836,0.04156883649706471,1.993917084500589,3.277448155963984,3.1921521202463135
0.04900000000000002,0.9117999999999996,0.0392,0.046246624684647845,0.8605647426012626,0.03699729974771826,2.5834086809450567,4.048845146449853,4.3057945291336255
0.11870000000000026,0.8492999999999994,0.03200000000000004,0.24154140271786328,1.7282317887807976,0.06511646914045172,1.758120445922802,3.0548394619436143,2.7818268926623766
0.09940000000000004,0.8425999999999991,0.05800000000000012,0.07637309205199821,0.6474040982194528,0.044563776046437666,2.1118154037894823,3.2094621978710864,3.4794580840031375
0.057300000000000115,0.8738000000000009,0.06890000000000003,0.14422467344499165,2.1993633447859264,0.17342198953507695,1.522323807345015,2.1686652706422076,2.226791431589736
0.07749999999999997,0.8241999999999988,0.09830000000000004,0.1296441669958632,1.3787448056514884,0.16443898858959177,2.4655103616561633,4.203422177190156,4.185016532153801
0.03820000000000001,0.9231999999999987,0.038599999999999995,0.004038140962180743,0.09759193026924753,0.004080425160737608,1.522323807345015,2.264535396465557,2.1573497385314138
0.02610000000000003,0.9152999999999993,0.05860000000000011,0.03557829621628342,1.2476940431710404,0.07988077234767088,1.4044254880561213,2.2770628505661885,1.918474561391196
0.015899999999999997,0.9257999999999986,0.058300000000000136,-0.0013477765935238585,-0.07847619938895513,-0.004941847509587494,1.8760187652116955,2.3637500344240427,2.8409566048390333
0.07739999999999997,0.8939000000000009,0.02870000000000005,-0.00250231749469364,-0.028899503985874007,-0.0009278619134070752,1.993917084500589,3.1992599483750372,3.1703915592272116
0.0386,0.9256999999999986,0.03570000000000002,-0.025845286747530956,-0.6198181850308127,-0.023903542406395223,2.1118154037894823,3.7624533502429007,3.33557046399324
0.028400000000000057,0.9139999999999994,0.057600000000000096,-0.013677892992267841,-0.44019697869481594,-0.027741078744881246,2.3476120423672695,3.691667963760424,3.8096014884379215
0.027800000000000036,0.9433999999999988,0.02880000000000006,-0.028520743608891324,-0.9678586158499283,-0.02954666963798816,1.8760187652116955,2.736948345004548,2.8341408072314738
0.007800000000000007,0.9549,0.03730000000000002,-0.0033045178859494257,-0.4045492473452697,-0.01580237399306584,1.758120445922802,2.601673219770444,2.5670079800697043
0.008500000000000004,0.962600000000002,0.028900000000000065,0.007835112195605261,0.8873034117046632,0.026639381465057937,2.3476120423672695,3.595826949377744,3.7430605785041395
0.008500000000000004,0.9540000000000003,0.03750000000000003,-0.0004751639018334275,-0.0533301602763635,-0.0020963113316180633,2.819205319522844,5.085619146310925,4.694965140207783
0.0185,0.9814000000000012,0.0001,0.03060381273136193,1.6234909088950615,0.00016542601476411857,2.70130700023395,4.5736752840431825,4.443552585604362
0.009499999999999996,0.9325999999999983,0.05790000000000011,0.0072564948493633544,0.7123586417385531,0.04422642650296202,1.8760187652116955,2.7235348361611296,2.8290402624876068
0.33333333333333354,0.33333333333333354,0.33333333333333354,-0.06168568139505207,-0.06168568139505207,-0.06168568139505207,-1.3072358555884305,-2.6670676598044993,-2.6259643608336116
0.33333333333333354,0.33333333333333354,0.33333333333333354,-0.4029791353289126,-0.4029791353289126,-0.4029791353289126,-1.3072358555884305,-2.7924185022444106,-2.619861410145998
0.33333333333333354,0.33333333333333354,0.33333333333333354,0.23239706334355342,0.23239706334355342,0.23239706334355342,-1.3072358555884305,-2.564230681072096,-2.6312230977608237
0.33333333333333354,0.33333333333333354,0.33333333333333354,-0.46841272195087225,-0.46841272195087225,-0.46841272195087225,-1.3072358555884305,-2.7177107609269244,-2.6186913380339645
